Mixture	B cells naive	B cells memory	Plasma cells	T cells CD8	T cells CD4 naive	T cells CD4 memory resting	T cells CD4 memory activated	T cells follicular helper	T cells regulatory (Tregs)	T cells gamma delta	NK cells resting	NK cells activated	Monocytes	Macrophages M0	Macrophages M1	Macrophages M2	Dendritic cells resting	Dendritic cells activated	Mast cells resting	Mast cells activated	Eosinophils	Neutrophils	P-value	Correlation	RMSE
TCGA-BF-A1PU-01	0	0.173491290986344	0.0221209876529778	0.0611807603406285	0	0	0	0.19197212473997	0	0	0.0869685879308647	0	0	0.0382578541841679	0.0677134764468405	0.302307170406906	0	0	0	0.0148469960584086	0.0329293543543337	0.00821139689855826	9999	-0.00169229120210852	1.08343488291474
TCGA-BF-A1PV-01	0.124325433384711	0	0.079061064812569	0.118244441283663	0	0.182958496052437	0	0.0605969030174878	0.0684111620005812	0	0.0263900882457801	0	0.0325536464721963	0.00777119827557827	0.0578670062579416	0.157013642321119	0.021278213784883	0.0108179038831275	0.0338725260769849	0	0	0.0188382741309401	9999	0.210891024222706	1.00132923989282
TCGA-BF-A1PX-01	0.183694976885405	0	0.0843291856330146	0.307633052495797	0	0	0.000662322866206425	0.0610639032437257	0.080572349808001	0	0	0.0413824130172118	0	0.0889205745354693	0.07748450076935	0.0204476809947257	0	0	0.0437643392386795	0	0	0.010044700512414	9999	0.320879142029084	0.963243920350708
TCGA-BF-A1PZ-01	0.0939559193102163	0	0.0590929349351864	0.154489696651543	0	0.171765549535577	0	0.123074048456506	0.039052510736218	0	0.06599299144216	0	0.00794689869279499	0.0151176642037766	0.0853158393775804	0.112710684955184	0	0	0.0107365515784907	0	0	0.0607487101247676	9999	0.0991459317140344	1.05950847771427
TCGA-BF-A1Q0-01	0.107354269178596	0	0.0199681998275679	0.176529889888168	0	0.131127743947852	0.00586093515248063	0.121564955252027	0.046559448775591	0	0.02352689415639	0.0224068343854101	0	0.116989042471031	0.082186100324031	0.0904657421990639	0.00218752243463187	0	0.0275050552275641	0	0	0.0257673667795967	9999	0.161783870463512	1.02846421991872
TCGA-BF-A3DJ-01	0.168324359552698	0	0.0231168078172332	0.17768833788926	0	0	0	0.0546102592440839	0.0124566423882356	0	0.00684172764416536	0.00721214710648635	0.12002470370323	0.0524820246260283	0.00140405664546454	0.197651302413663	0	0.112763053049857	0.0250393992871237	0	0	0.0403851786324697	9999	0.237855637401204	0.984419688291185
TCGA-BF-A3DL-01	0.028351937324828	0	0.0377846235604611	0.115173586347957	0	0.0721012039288811	0	0.0498357355255133	0.0985891255294197	0	0.14240330783632	0	0	0.340023447351443	0.110303291816083	0	0	0	0	0	0.0054337407790939	0	9999	-0.00765616352027612	1.11936556834381
TCGA-BF-A3DM-01	0	0.0128377247298432	0	0.208200984406646	0	0	0	0.100449816908531	0.0604957238878517	0	0.00740620131121456	0.0129419256473154	0.0506751687824635	0.159675253674066	0.0988423945896171	0.121467511112759	0.00079136377471256	0.00752837884668043	0	0.0513745047938608	0.0315125964895223	0.0758004510449162	9999	-0.0258031080445963	1.10365426244159
TCGA-BF-A3DN-01	0.0474562961218734	0	0	0	0	0.273980691082947	0	0.0873821024445547	0.0253403855252781	0	0.0907621123579066	0.0745632987426781	0.056403842225272	0.102667555624224	0.0148514503604473	0.0661506533759436	0	0.0707934022205238	0.0896482099183513	0	0	0	9999	-0.0318525320702197	1.10249566481803
TCGA-BF-A5EO-01	0	0	0.0873179468256001	0.183507500692163	0	0.0958019887753476	0	0.060125373985257	0.0680767506706809	0	0.0817232688658181	0	0.010901327064862	0.121910191678782	0.0210874166131651	0.174832763216432	0	0	0	0.0753745893139641	0	0.0193408822979289	9999	0.138202277360505	1.03384918326369
TCGA-BF-A5EP-01	0.0167291780154157	0.0271539219727176	0	0.135232084026294	0	0.0388392047810939	0	0.093062574179241	0.0148436319777165	0	0.148824554941452	0.00419620258086497	0	0.145573101374233	0	0.185303751412682	0	0.125557081737925	0.0141463864037752	0.00690500179062927	0	0.0436333248059602	9999	-0.0254450538548699	1.10084286033837
TCGA-BF-A5EQ-01	0.0947354619887499	0.0605492551027394	0.0276734774495891	0.128892978298651	0	0.145629017333782	0	0.129079809733972	0.0860242414692693	0.0108201781865591	0.00935572019273276	0.0153685204385696	0	0.0501496519875588	0.0570989810720862	0.110880290685841	0	0.00289373894443026	0.0334437155664135	0	0	0.0374049615490561	9999	0.213838760778106	1.00578960938593
TCGA-BF-A5ER-01	0.00436221235096014	0.0441497971254987	0	0.0570283663349154	0	0	0	0.187200294766042	0	0	0.11972204737555	0	0	0.36854086567536	0.0360645228201652	0.147157823408465	0	0	0.00428072398860203	0.0128285432018524	0	0.0186648029525886	9999	0.0112404622125256	1.10942708980666
TCGA-BF-A5ES-01	0	0.0391634695061447	0.00609744337146145	0.172031630452789	0	0.104064182558145	0	0.170535115318753	0.0883103135667448	0	0	0.00716423868140297	0.0079421409608764	0.110292126698002	0.0722735325079525	0.177477433829123	0	0	0	0	0	0.0446483725486055	9999	0.0265091016141311	1.09249248975908
TCGA-BF-A9VF-01	0	0.0585361438500019	0.0421571366648982	0.171053069116113	0	0	0	0.0719761963244629	0	0	0.0829242561290641	0.0285559405628126	0.0139289172822376	0.0163102906437338	0	0.207632332801004	0	0.18646992484472	0.0957104813889891	0	0	0.0247453103919624	9999	-0.0333189403528044	1.08982263609735
TCGA-BF-AAOU-01	0.0735736418434273	0	0.196894949924366	0.120873082460219	0	0	0.0152938743487662	0.108356239281465	0.013839343393659	0	0	0	0	0.122196353301012	0.0609187477270017	0.100105013299591	0	0.0451372621116792	0	0.0898249948822547	0	0.0529864974265584	9999	0.354290037072264	0.940942894064311
TCGA-BF-AAOX-01	0.0211632334510441	0.0458846057313862	0	0.0851055559893408	0	0.145235669645591	0	0.0516057366171106	0.0680183342186351	0	0.0909321447150366	0.0254023983070251	0	0.202111219717923	0.0174162926666981	0.132336403243984	0	0.0142510857720547	0	0.033201036292182	0.0126754071812595	0.0546608764507284	9999	0.019537476539743	1.08494870689784
TCGA-BF-AAP1-01	0	0.0525429157009137	0.276211094121395	0.111872329415331	0	0	0	0.0526109230626723	0.0102079061629585	0	0.00745717938991516	0.0320712648854225	0.0030098791513414	0	0	0.31806721298296	0	0.0349542173310445	0.0345549990634223	0	0	0.0664400787326226	9999	0.17103926808193	1.04391418757044
TCGA-BF-AAP2-01	0.117282543667012	0	0.0314936401511212	0.121756975657656	0	0.0858909602760696	0	0.134395014846813	0.103882243348561	0	0	0.00805808789369668	0	0.00373861151750634	0.0873053721378119	0.257095020901908	0	0	0.00872467869883306	0	0	0.0403768509030112	9999	0.158051081725502	1.02741541548636
TCGA-BF-AAP4-01	0.00490113840903974	0.00528684692841767	0.0185444198958174	0.302234238753996	0	0	0.0304750531050688	0.145810218428318	0.0344858021011219	0	0.0909862085181311	0.0509909570680899	0.00867593569223623	0.0201856872056214	0.15994372098933	0.0210559765228394	0.00701861694509147	0	0.0750179764206952	0	0	0.0243872030161859	9999	0.0839504360137797	1.09583790237214
TCGA-BF-AAP6-01	0	0.0389779301365088	0	0.0515938339297349	0	0.0422863584088012	0	0.0629137871524899	0.0630082023649246	0	0.130597624696842	0	0.0112523167352018	0.0814349675497463	0.0167350421212727	0.302691496019748	0	0.101106753314899	0	0.0681740169096381	0	0.029227670660193	9999	-0.0218685145454856	1.09313100435294
TCGA-BF-AAP7-01	0.0731088425271729	0	0.0275872590454291	0.242343139739733	0	0	0	0.135951300246286	0.0472666278141982	0	0.0499929550020583	0.0438304647428868	0.00155912054529839	0.0865743011768666	0.13204988104066	0.0564050067948886	0.00661625185090976	0	0.0837550159576862	0	0	0.0129598335159264	9999	0.143725337222077	1.04097328006669
TCGA-BF-AAP8-01	0	0.141512247158272	0.0348722662467308	0.217266601261665	0	0.0519120502057113	0	0.0868878713072101	0.0198318819656068	0	0.111577610061711	0.0250606541833669	0.0468025858422752	0.0917056802163262	0.00722639587073193	0.0673742168091078	0	0.0132771006234718	0.0318723132010797	0	0.0528205250467325	0	9999	0.0623646429909006	1.06936132284721
TCGA-D3-A5GT-01	0	0.101945536091815	0.00779854170681339	0.156792128083636	0	0	0.00933491415329855	0.151056974740064	0	0	0	0.0250083141433891	0.00748306002193604	0	0	0.225476167735201	0	0.105014165536497	0.168839983538329	0	0.0208307409356872	0.0204194733133329	9999	0.0217246729867005	1.0628033752256
TCGA-D9-A3Z4-01	0.120507609398789	0	0.039572686230233	0.138450323360373	0	0.0941929496236401	0.022111960980416	0.111046513696827	0.115103490830811	0	0.048458951123639	0	0	0.0791036552884736	0.0688491491500762	0.0882725046397809	0.00221200879237356	0	0.029078386675778	0	0	0.04303981020879	9999	0.193981137544955	1.01237171489547
TCGA-D9-A4Z3-01	0.00674576662182612	0.0802855974766533	0	0.208023554545188	0	0.17606146929747	0	0.0478620230275043	0.0573799593095893	0	0.0799215851950852	0	0.0761580857795349	0	0.0210645856202806	0.199266265406202	0	0.00198657533807039	0.0452445323825961	0	0	0	9999	0.023871506281139	1.08657304713884
TCGA-D9-A4Z5-01	0.0638105757444868	0.00878906438781421	0	0.173615099324125	0	0	0.044526492696933	0.0795354755198213	0.0137928824271901	0	0.0508012050157687	0	0.0377802226918017	0.218171678787702	0.0835608792837979	0.205530105023784	0	0	0	0	0	0.0200863190967758	9999	0.0873139432590546	1.05578727516841
TCGA-DA-A960-01	0	0.211147137476828	0	0.134598681929757	0	0	0.0242095243826334	0.125425028352115	0	0	0	0.0686909352994639	0	0.066857063757393	0.0275761348825635	0.157596820448456	0	0.0579316494515271	0.119227555355495	0	0.00673946866376894	0	9999	0.0444712125982202	1.06018914633768
TCGA-EB-A1NK-01	0.0585051042537615	0	0.0116135664375181	0.227669873212754	0	0.0915552007579499	0	0.19402156680131	0	0	0	0.0387106978472672	0.0132068129964069	0.170028375871469	0.00572156196831965	0.0429504441338487	0	0.0955000556382477	0	0	0	0.0505167400811465	9999	0.0258118266716744	1.094873294677
TCGA-EB-A24C-01	0	0.134910696762441	0.0356747293806527	0.107392931299343	0	0	0	0.144648888912337	0	0	0.00194491200722827	0.0350661217747629	0.0313676846794439	0	0.019054445028545	0.345262488953202	0	0.0177237509212164	0.0961487652180424	0	0.0253282691063594	0.00547631595642586	9999	0.0431673688104642	1.05849477131737
TCGA-EB-A24D-01	0.0668054036403976	0	0.135133883216079	0.161069607828616	0	0.21670403110635	0.00406706474246857	0.189255784728645	0	0.00210698982853324	0	0	0	0	0.026785803444271	0.154121693414564	0	0.00211499160698625	0	0.00805263385876674	0	0.0337821125843224	9999	0.245208627060827	1.00156651161888
TCGA-EB-A299-01	0.00880531313738623	0	0	0.265697103105664	0	0.0171265345193986	0	0.241492833541066	0.109660173068681	0	0	0	0.000760660159707136	0.0218781663667476	0.0576624546750329	0.0875462880697169	0	0.0285607647099532	0	0.117248719986419	0	0.0435609886602275	9999	0.040521341394912	1.10540929973612
TCGA-EB-A3HV-01	0.0315556247503438	0	0.0369406615346921	0.271091308872988	0	0	0	0.0794207815640319	0.0610629933988658	0	0.0140711428484995	0	0.110123641581686	0.151135341941979	0.0441216767874105	0.0847537579370963	0.00171442071290571	0	0.0236635757125763	0	0.0546806987678794	0.035664373589045	9999	0.028355263509008	1.0733789132839
TCGA-EB-A3XB-01	0.0257953925623341	0.020022322353527	0.0320873077428885	0.258075554198756	0	0	0	0.170604078809742	0	0	0	0.0700613246544518	0.0214207453914001	0.0282458952989264	0.0402990897349368	0.244325049995366	0	0.026729275109222	0.0357605168702181	0	0	0.0265734472782316	9999	0.109122429200065	1.04671616745822
TCGA-EB-A3XC-01	0.0679818937923828	0	0.0282562787771393	0.201201517413117	0	0.0698428489324907	0	0.061648426755615	0.0711188680181554	0	0.0674396517342472	0.00968210346805791	0.102311676559161	0.11147977738733	0.0892131873199029	0.0493051814224774	0	0.0188622910747862	0.043191021063809	0	0.00846527628132797	0	9999	0.0342217438892908	1.07413415754601
TCGA-EB-A3XD-01	0.0522984391808003	0	0.0153386741483987	0.128421195090669	0	0.217499978191095	0	0.100807945803847	0.0517438530960501	0	0	0.0684451850766661	0	0.137834814217492	0.0414123246468734	0.115768635865735	0.00574959229330622	0	0.0435292462803699	0	0	0.0211501161086959	9999	0.0824305118407663	1.06391568808889
TCGA-EB-A3XE-01	0.0552502529680077	0	0.0357285453122859	0.289320051326778	0	0	0	0.14028923683259	0.0571724953826602	0	0	0.0182175429646809	0	0.178456255863171	0.0747390221773355	0.113856216364565	0.00310506862279012	0	0.0263192344061687	0	0	0.00754607777896627	9999	0.0971361671305104	1.05939854535108
TCGA-EB-A3XF-01	0.000676271374497423	0.0258595362839981	0	0.171126829929911	0	0	0.059287410500492	0.0968268907975559	0.00743715933901837	0	0.0752842141221556	0	0.186404561675838	0.0552340685092118	0.128105161254006	0.0844929897844607	0	0.0344740919321781	0.0720129121249533	0	0	0.00277790237172312	9999	-0.0120398022638316	1.08868987491411
TCGA-EB-A3Y6-01	9.50139250800313e-05	0	0.000843794718540126	0.242323312386157	0	0.0974189556589212	0.063218080260924	0.218454140326316	0	0	0.0172311956783454	0	0.0193124437046939	0.0357358908556356	0.0984869002076315	0.115926150089884	0	0.0130157809535613	0.0624583235032657	0	0	0.0154800177310444	9999	-0.0114281749716058	1.11544431939934
TCGA-EB-A3Y7-01	0.100531748123068	0	0.0491527258917884	0.0343749438792607	0	0	0.0472946411519015	0.149202339012119	0.000554372775622901	0	0.0775569522200234	0	0	0.363639787967404	0.000588191726969271	0.0903143586495795	0	0.0498555060740247	0	0.0253969967922205	0	0.0115374357360192	9999	0.0647341185464234	1.07501683780021
TCGA-EB-A41A-01	0.124405878548802	0	0.0901171672038115	0.163728448298264	0	0.00161897324324477	0	0.11284797664296	0.0636430652254257	0	0.011170181791289	0.0280623913976897	0.00269924958407491	0.0606271785558966	0.0571145920736961	0.21077322185937	0	0	0.051383247590689	0	0	0.0218084279847863	9999	0.195705166758804	1.00631073902374
TCGA-EB-A41B-01	0.0127586678002729	0.0500863206329115	0	0.29643620897606	0	0	0	0.220147126397464	0	0	0.0273103061704661	0.118595371445357	0.055730103185502	0	0	0.0778585581085654	0	0.0323846115717735	0.0484111733732674	0	0.0602815523383602	0	9999	0.0507969973559822	1.10176078804787
TCGA-EB-A42Y-01	0.00722502940193691	0	0	0.255302607985201	0	0	0.0416412009448656	0.124288095097291	0	0	0.0887205127548416	0	0.0231223538946091	0.0939156574023556	0.0323891817010454	0.270865516652005	0	0.00795820428413918	0.0275448709445966	0	0	0.0270267689371129	9999	0.00907844713194113	1.09014851902715
TCGA-EB-A42Z-01	0.00477946874584166	0	0	0.210102175358353	0	0.0568161169897692	0.00286878349089715	0.142501190426978	0.0336922003675801	0	0.0555233784902377	0	0	0.177165559882588	0.0639510658782162	0.148881979272792	0	0	0.0705024174333727	0	0	0.0332156636633758	9999	0.00198288288891825	1.09471950681383
TCGA-EB-A430-01	0.0383900686218501	0	0.0563193360437237	0.224533158569644	0	0	0.0221468512381379	0.254867152588801	0.0286298917543088	0	0.119794504986019	0.0264501482176988	0	0.105144619726671	0.0789138665618697	0.0168671910958784	0	0.00251914501316973	0	0.0179916370940489	0	0.00743242848817902	9999	0.11520222511954	1.07206139165542
TCGA-EB-A431-01	0.0511586868790006	0	0.0132143883693572	0.0979211832360221	0	0	0	0.232214934672359	0	0	0	0.0430344798263125	0.00254432940044009	0.0993843043661875	0.0228881033584738	0.149568230974844	0	0.126192845334266	0	0.0872752222843884	0	0.0746032912983478	9999	0.00811650186851403	1.08199982341597
TCGA-EB-A44N-01	0.315889898822037	0	0.0498368074379359	0.139151507592162	0	0.011589902490801	0	0.162807904280563	0.0398066841571001	0	0	0.0163072654442843	0.00303612623763876	0.0716589273299774	0	0.0820028257455241	0	0.0547472423937509	0	0.0475656160779199	0	0.0055992919903055	9999	0.373298157968681	0.935731137517809
TCGA-EB-A44O-01	0	0.0339407831440989	0.0308854998165225	0.202425642798115	0	0	0	0.19898511311224	0.00681165788957002	0	0.0944402800245261	0.0328960449065568	0	0.0875915518378578	0.0454866677293946	0.0421578796029638	0	0.127925774626746	0.0597218203819153	0	0	0.0367312841294938	9999	0.00941227182078508	1.09493382922671
TCGA-EB-A44P-01	0.0783330492077027	0	0.036625139747181	0.18613712509069	0	0	0	0.106330669511877	0.065658946485568	0	0.0492020843287045	0.00998096331712725	0.00578771600828683	0.0636158200431011	0.0988233665722518	0.0997372412651182	0	0	0	0.180124671390042	0	0.0196432070323491	9999	0.0142865844775263	1.09251051792712
TCGA-EB-A4IQ-01	0	0.00566077080128272	0	0.0572933657309206	0	0.108424955068751	0	0.252489053420471	0	0	0.0618113011490619	0	0.0682685277665471	0.175727504365686	0	0.0659751867017472	0	0.0992654341217216	0	0.0899852844306875	0.000882808912025419	0.0142158075310976	9999	-0.012662469024144	1.0988472680638
TCGA-EB-A4IS-01	0.16671924905412	0.108621420739623	0.0985794112712527	0.188187150502874	0	0.065122278944123	0.00203564348899932	0.0938980792311304	0.0676975898139975	0	0.00992347776342207	0.0155699046902989	0	0.0443318361312458	0.0640077063573371	0.037139215232541	0	0	0.0192312838927636	0	0	0.0189357528862719	9999	0.429786462611373	0.906866198000322
TCGA-EB-A4OY-01	0.0968720523482187	0	0.003847853441047	0.240030158172723	0	0	0	0.139942500270695	0.0730522097858127	0	0.0985959151673628	0	0	0.169090196179084	0.049609921889291	0.125238064999799	0	0	0.00372112774596687	0	0	0	9999	0.14008644909824	1.04378273319972
TCGA-EB-A4OZ-01	0.0672561664412018	0	0.0433462641949321	0.373237934269576	0	0	0	0.116435019878817	0.0520076540342633	0	0	0	0	0.154824943260974	0.128847902701698	0.0521077522116813	0	0	0.0052969093297093	0	0	0.00663945367714623	9999	0.179700086757431	1.0354295083146
TCGA-EB-A4P0-01	0.142933295723877	0	0.0182270588580529	0.316660029205473	0	0.00597219391756332	0	0.106965872787056	0.049772128140777	0	0	0.0253028969807196	0.0060996992213533	0.00599944007254071	0.0718767223821836	0.168050438517927	0	0	0.058419807499536	0	0	0.0237204166929409	9999	0.0295764437617734	1.08764002887933
TCGA-EB-A4XL-01	0.0228065440611399	0.0682555063100609	0.0259630838513992	0.129405559056578	0	0	0	0.280694165107632	0.0243690463399008	0	0.000444879624884858	0.0728062643678061	0	0.0589822255615255	0.0456876699837306	0.139569301441799	0	0.0351855310259744	0.0328367782210059	0	0	0.0629934450465627	9999	0.14328403589095	1.03372420687372
TCGA-EB-A51B-01	0.0166301691227651	0	0	0.154468404884039	0	0.0835902087967244	0.047147916397164	0.162904566290162	0.00191875121151713	0	0.0612940243718335	0.102844360336931	0.0403027630894956	0.032159475843486	0.120098967606994	0.0539856531364727	0.000950817037188417	0	0.113094744031988	0	0	0.00860917784323967	9999	0.00520790321291044	1.11113867781396
TCGA-EB-A550-01	0	0.0269804318449672	0	0.0771454229761631	0	0.0512370943676197	0	0.135852749378114	0.00159522819047316	0	0.152916588998172	0	0.098226957118272	0.16350901946612	0	0.030410848562067	0	0.162373955827496	0	0.0997517032705359	0	0	9999	0.0130513632876494	1.0852414233253
TCGA-EB-A551-01	0.00483130437590118	0.0124088659439115	0.216129657800061	0.249605356514801	0	0.0155874816217027	0.17030334451147	0.11935960772043	0.0247418962040455	0	0.0825798835926763	0	0.0175998752904056	0.0297643221070055	0.021488742055945	0.0212170653627394	0	0.0042967837505948	0	0	0	0.01008581314831	9999	0.309145437314104	0.975741811614781
TCGA-EB-A553-01	0.178109395366014	0	0.265236114402952	0.12251191454907	0	0	0.00273673310334942	0.0661302969554255	0.0226887491268779	0	0.0597816966785149	0	0	0.220873693577971	0.0251760028000608	0.0233998513569905	0	0	0.0133555520827738	0	0	0	9999	0.46106803013076	0.895158883291032
TCGA-EB-A57M-01	0.0850615033166196	0	0.163404460070254	0.148861470986954	0	0.111360023693123	0	0.09477998728018	0.0773468817075109	0	0	0	0.0625969761678146	0	0.0148168831214415	0.0816666711970584	0.00491946822135544	0.0176035410039824	0	0.0956073622026056	0	0.0419747710311	9999	0.321311405444742	0.957201132003589
TCGA-EB-A5FP-01	0.140255944087011	0	0	0	0	0.197097507775889	0	0.15473810640355	0.00923093774238488	0	0.106674127171961	0	0.0378116636882495	0.161285742030571	0	0	0	0.100447042094941	0	0.0604496458357036	0.0197860442739898	0.0122232388957497	9999	-0.0287239959652794	1.09856700228014
TCGA-EB-A5SE-01	0	0.0125051651263685	0.0569700432841267	0.117577954198895	0	0.15360758106338	0	0.121715723382043	0.0345855676617932	0	0.101295815449366	0	0	0.0569544663447818	0.0532765038990141	0.254872965429455	0	0	0.0065678176294893	0.00284695979217422	0	0.0272234367391125	9999	0.0634650416026191	1.06590669929924
TCGA-EB-A5SF-01	0.0557399263550269	0	0.0126985193127441	0.0666625593718908	0	0	0	0.170902032158983	0	0	0.0443466510523918	0	0	0.394706446089786	0.0142882363524094	0.183067175592635	0	0	0	0.0575884537141329	0	0	9999	0.0857840617442962	1.08226510541662
TCGA-EB-A5UM-01	0.112780705980675	0.0486637242245181	0	0.1872676177139	0	0.0531545604843378	0	0.323463900066898	0.032049256974075	0	0.0644912285212753	0	0	0.0780871513042014	0.0649172485221433	0.0244988177126871	0	0	0.0106257884952894	0	0	0	9999	0.168190545604722	1.05090603504981
TCGA-EB-A5VU-01	0.162845280335026	0	0	0.182789763235153	0	0	0	0.117303397797629	0	0	0.0159197442284123	0	0.193205184541188	0.000601838103061035	0.0868737774711896	0.189677854035865	0	0.0110761273086941	0.0397070329437825	0	0	0	9999	0.10918941241297	1.03936484407344
TCGA-EB-A6QY-01	0	0.0269833071123267	0.134958471836069	0.205792993488147	0	0	0	0.23075508073217	0	0	0.021748467935579	0	0.0642205783332924	0.0827213414906176	0.00547572858297299	0.0549448287891859	0	0.164120196440636	0	0.00189693255963421	0	0.00638207269936851	9999	0.194513065776259	1.01487556385391
TCGA-EB-A6QZ-01	0	0.0806894128744513	0	0.124717472766089	0	0	0	0.120704320887502	0	0	0.0774130667506092	0.00463387742579909	0.0251562667102181	0.0656686292808271	0.0407690576590747	0.355818074014591	0	0	0.0344243515250267	0.0636468190751203	0	0.00635865103069152	9999	-0.0154048780330396	1.0895466675229
TCGA-EB-A6R0-01	0.0760552886903505	0	0.0114459715659538	0.379548973916188	0	0.022008550434449	0.0759257653478085	0.169881158723613	0	0	0.0314910148107074	0	0.00931579514099674	0.000100061607320306	0.0353810153988838	0.0967890629725838	0	0	0.037705463607356	0	0	0.0543518777837883	9999	0.0337338151645719	1.10392385625961
TCGA-EB-A82B-01	0.0229004620117397	0	0.189772215967949	0.185707420731165	0	0	0.0548994369479346	0.0953644413414511	0.0747789258188153	0	0.0123661600424745	0	0	0.113613702005186	0.0417769555896067	0.0767773893981067	0	0.00236710894756301	0	0.114527315184356	0	0.0151484660136525	9999	0.303957274010917	0.965265849401955
TCGA-EB-A82C-01	0	0.0112366774031382	0.0872390422004877	0.0955829942481618	0	0.00811034693798846	0	0.239214046623254	0	0	0.131857084970484	0	0.0539921739992799	0.0338085022575063	0.0150139176231897	0.1856233162881	0	0.0765160752620197	0	0.0230315959277845	0	0.0387742262586054	9999	0.0836331333698226	1.05135186857876
TCGA-EB-A85I-01	0	0.0863762470935919	0	0.336221101846775	0	0.0695915475821374	0.0107995001473373	0.0926402698045535	0.0346611744706238	0	0.118512492543296	0.0819761611722272	0	0.0587824299081468	0.0257829669492441	0.084656108482067	0	0	0	0	0	0	9999	0.100282727070188	1.10028249661452
TCGA-EB-A85J-01	0.00646708658239947	0.0331461902837415	0.0117930656857582	0.273306987917513	0	0.0738744009085652	0.00883025977703985	0.12421774353128	0.0147409874653201	0	0.0428646289621109	0.061267047984413	0	0.167088036509996	0.103163340866642	0.031738096318166	0	0	0.0440793746309695	0	0	0.00342275257608556	9999	0.102252719203186	1.06989342059415
TCGA-EB-A97M-01	0.00800582197094296	0.0559185267188813	0.0507695306620411	0.254838017525591	0	0	0.106434345237404	0.154546922883477	0	0	0.0816883513646434	0.0132524498084177	0.0367931786538469	0.0363020882682108	0.0569979968889505	0.077415257240706	0	0	0.0630434055856863	0	0	0.00399410719120119	9999	0.140349695261902	1.03678077888695
TCGA-ER-A194-01	0.00214367150987402	0.0278535156558779	0	0.310862191213693	0	0.0453191679965478	0	0.0529134344024111	0.0760716265151278	0	0.024715710244708	0.0252533398117846	0.0101332925185047	0.136539252410541	0.0753684430994561	0.15727889336123	0	0	0.0470968461814349	0	0	0.00845061507880869	9999	0.092778012052626	1.06253463281278
TCGA-ER-A196-01	0.0611194298786525	0	0.00970181522466648	0.051865513347513	0	0.0495034758244407	0	0.028597765905001	0.0288333377227981	0	0.0289482738188739	0	0.00666521361779954	0.186180735726924	0.0431964130526638	0.170084878866224	0.0144364877380951	0.137698427569641	0	0.145222843226659	0	0.0379453884800483	9999	0.138269271554568	1.03748967929614
TCGA-ER-A19K-01	0	0.00072167234339017	0	0.141455747487787	0	0.0161567345556707	0	0.23715724073569	0	0.0284512890122355	0	0.0132204739748557	0.0671775909290608	0.0904919331218157	0.0770851016297741	0.160905889446996	0.0295866932344124	0.0450176927418785	0.0515387190677059	0	0	0.0410332217187275	9999	-0.00185619734457396	1.08708950856446
TCGA-ER-A19T-01	0	0.351466100692777	0	0.0141248751444434	0	0.00366018373112409	0	0.102803543220969	0.00353485884607059	0	0.00764457434822603	0	0.0406214548999655	0.0500157242204164	0.0794871889355454	0.137786459292493	0	0	0.0570093734877416	0	0.0994619098528654	0.0523837533273631	9999	-0.0540946845752475	1.11475624851798
TCGA-ER-A2NB-01	0.162851019545085	0	0.0778189742666659	0.255063199481998	0	0.0456374826175617	0	0.147349937306454	0	0	0	0.0607379010922403	0.00757150455187875	0.0886969683052297	0.0302697941124718	0.0578673807030481	0.0260385179502856	0	0	0.0271213880659923	0	0.0129759320010883	9999	0.299251890501148	0.970986540802459
TCGA-ER-A2NF-01	0.0760773514027962	0	0.226130958563255	0.144093743475641	0	0.219077823240471	0.00458709102301943	0.0702524656260852	0.103079734389516	0	0.0182272711943234	0.0140156172836964	0.0193948424688792	0.0586608560162924	0.0260507669181633	0.0038922001334836	0	0.00323226785175548	0.000304050855053597	0	0	0.0129229595575698	9999	0.353140480899366	0.957211601147817
TCGA-ER-A42H-01	0	0.123310672058709	0.0524093510573412	0.0668208643918736	0	0.066250454335326	0	0.0837845097378968	0.0101551071893766	0	0.0875683348348967	0	0.0485565803631826	0.0515451493251285	0.0357552804010075	0.146284558359176	0.014884310310875	0	0.0817417401023035	0	0.130933087532907	0	9999	0.0396712368290437	1.05299270791135
TCGA-FR-A2OS-01	0.0346840317406787	0	0	0	0	0.124910067967247	0	0.0324399692738826	0.0250952868403717	0	0.0402050720973185	0.0299717034205213	0.0356931746681503	0.309113528660768	0.099829065209086	0.0127234950636212	0.00579678370361565	0	0	0.239867327479482	0	0.00967049387525665	9999	0.0268092229226476	1.11613406895014
TCGA-FR-A3R1-01	0.113388953356014	0	0.097307415091607	0.160804974459688	0	0.0405312377695958	0.0658587148979388	0.144386811359357	0.00319390010175029	0	0.0774213680865109	0.00520832644074678	0.00226115367953406	0.0201667865425241	0.0937041963692053	0.0982542511945719	0.00505765173724224	0	0.0491117220207053	0	0	0.0233425368930086	9999	0.268521590741258	0.978615669121414
TCGA-FR-A726-01	0.00929699870426023	0.0199407878572297	0	0.0591971954214539	0	0.0644895509124687	0	0.0433241368315461	0.0184773419760175	0	0.204806823160536	0	0.0810712968720517	0.194577672754368	0.0594120036806969	0.102304119206859	0	0	0	0.143102072622512	0	0	9999	-0.0099845865978755	1.10723609428292
TCGA-FR-A728-01	0	0	0	0.305181292037206	0	0	0	0.193444741303955	0.0283513542201172	0	0	0.0328633095604216	0.126019875070201	0.076756693631907	0.123678973784381	0.0288923365224061	0.00581549083559124	0	0.0789959330338141	0	0	0	9999	0.0456171810750103	1.08955669695743
TCGA-FS-A1ZN-01	0.0704391408856254	0	0.042874212349975	0.0936236705400245	0.00357528188083622	0	0	0.042796304276512	0.0386316731885027	0	0.108320128972262	0	0.0146013888440604	0.175626648012699	0.119949663785813	0.093594466200058	0.0120602931046427	0	0	0.160485838866213	0	0.0234212890927755	9999	0.041907698849875	1.08059121795399
TCGA-FW-A5DX-01	0.0720610364514356	0	0.227924535371653	0.162657431423527	0.0135467322561379	0	0	0.0925984103654993	0	0	0.0777741249501376	0.00795952739457859	0	0.0470473857570572	0.107594590183014	0.0985344956680158	0.002226024216993	0	0.0469281350415879	0	0	0.0431475709203632	9999	0.342157549254811	0.952413858047639
TCGA-GF-A2C7-01	0	0.0676393822781229	0	0.0575250239801017	0	0.104038655583361	0	0.0903441189063224	0.0298611985610388	0	0.0375555474831707	0	0.0141299348863449	0.266132047955995	0.0231702157990406	0.181631575262198	0	0	0	0.10370068781774	0.00839830293572595	0.0158733085508373	9999	-0.0234178840607997	1.10679788703073
TCGA-GF-A769-01	0	0.0494721421190102	0	0.223915585093725	0	0	0	0.124299759290184	0	0	0.0191828100161292	0.00750181630995346	0.0556167506961958	0.0468347642728422	0	0.261478022471636	0	0.15873855838733	0.0357186950051439	0	0.00384040923282954	0.0134006871050213	9999	-0.0336396288016002	1.0946047690295
TCGA-GN-A263-01	0	0.018591921393566	0	0.19616470264495	0	0.00253772684026043	0	0.0736361367977683	0.0521449466869379	0	0	0.0442366642717601	0.0998149734875657	0.0160629304636051	0.17245034917684	0.0661907785875521	0	0.122731202315333	0.0639385387396485	0	0.0181883893778197	0.0533107392163937	9999	-0.00276976393262107	1.11237150722099
TCGA-GN-A26C-01	0.02568176118814	0.0110912102473407	0.0563225701387584	0.426216574168857	0	0	0.0881296101539873	0.0241567853080871	0.0590261558671558	0.00439362725692912	0.0246568636463027	0	0.000574110351536784	0.060013545250865	0.0747199517672319	0.108469746388586	0.00248774220935906	0	0	0.0156230361632217	0	0.0184367098936419	9999	0.14989747585579	1.04466753382077
TCGA-GN-A4U5-01	0.0122410866300689	0	0	0.290613910227878	0	0.142492976937185	0.0867393215829024	0.100356784643841	0.0262603249558756	0	0.1074014972938	0.0435177006119613	0.0394280170075109	0	0.0186288843514268	0.0369789435359658	0.000454222099708174	0.00730633446740731	0.0735123824777793	0	0	0.0140676131766897	9999	0.0416356430974296	1.11991548676857
TCGA-GN-A8LN-01	0.0147498522774347	0.0703886996045986	0.0248267449251794	0.132141541600492	0	0.143200619090796	0.00425619515521879	0.0559514483345489	0.0703393940706225	0	0.0423007391808639	0	0.0142040244383161	0.145827248306326	0.0174927285666976	0.163715828100001	0	0.00308245868474963	0	0.0720577657085191	0.000828276909555108	0.0246364350460797	9999	0.0971973675750694	1.04737035992004
TCGA-HR-A5NC-01	0	0.0375176012700032	0	0.0992469219539186	0	0	0	0.133381650952743	0	0	0	0.0830230593119684	0.171874412582594	0	0	0.219930485643264	0.0196784895047308	0.140457077766128	0.0577610257796384	0	0.0292526796575086	0.00787659557750373	9999	-0.0264578853957876	1.08410681616568
TCGA-IH-A3EA-01	0	0.0779937528216111	0.000585148604172415	0.0363630004022422	0	0.153674422190135	0	0.0157391323040313	0.0738189504399015	0	0	0.0937242067111379	0.0273830015992694	0.195940478912208	0.110447130552227	0.179532136459864	0	0	0.0203406497689786	0	0	0.014457989234221	9999	0.0517797170345112	1.0729508723001
TCGA-WE-A8K4-01	0.0227922391821216	0	0.00485167478583935	0.482939084017511	0	0	0.0589482181220972	0.210531967091214	0	0	0.0952208155229177	0	0.0174430075268735	0.00836129005817796	0.0255338687419728	0.0583060877343315	0	0.00114959656259043	0.0127725063960293	0	0	0.00114964425832378	9999	0.0595021815073323	1.13874413540632
TCGA-XV-A9VZ-01	0	0.00068745371821079	0	0.0319652241632735	0	0.184080040640932	0	0.134509781791326	0.14288172172838	0	0	0.0535653136219545	0	0.0644132920055508	0.0224169721697141	0.195667160592627	0	0	0.129132780499657	0	0.0355654379585849	0.00511482110979017	9999	0.0681351112961143	1.06658382381005
TCGA-XV-A9W2-01	0	0	0.235841595224366	0.0699629022166385	0	0.104196842130454	0	0.202945590821101	0	0	0	0.0898924090294386	0.022998237062859	0	0.053343078406787	0.0421501388443314	0	0.0551091785140168	0	0.0820120349754199	0	0.0415479927745881	9999	0.164878971711697	1.04414636429347
TCGA-XV-A9W5-01	0.0228022801915994	0	0	0.291493674120142	0	0	0.149424804312166	0.0929521022519137	0.0500206219895124	0	0.0557939337851313	0.0446941522188643	0.0466864013311293	0	0.0248671361640492	0.0966800327771557	0	0	0.0491841680148791	0	0.0623216309959295	0.013079061847528	9999	0.0542894937151975	1.08233601550957
TCGA-XV-AAZV-01	0.00790173791173524	0.0100734638213076	0	0.315775971500595	0	0.0744587258221063	0	0.0843165315560857	0.0939981628800325	0	0	0.033603534609296	0.102988379070355	0.0155183864115409	0.0481580828621786	0.041499483388279	0	0.101527193959758	0.0646114007375001	0	0	0.00556894546922976	9999	0.103944392816184	1.06454693767303
TCGA-XV-AAZW-01	0.128005471408538	0	0	0.079276849736684	0	0.0979605100479818	0	0.0586717762301855	0.0174940743361136	0	0.0402815068476407	0	0.0604205762706643	0.23962597838499	0	0.107460443913804	0	0.128398507416495	0	0.0341111472456543	0.00724052777718147	0.00105263038406685	9999	-0.0334218514684101	1.09892192853372
TCGA-XV-AAZY-01	0.0418860385136246	0.0542207640164995	0	0.114893925653952	0	0.181600259831778	0	0.134165078278741	0.137375397900868	0	0.0405795012746452	0	0	0.0593751014936353	0.0624512912512582	0.154684356490574	0	0	0.00374189091590042	0	0	0.0150263943785234	9999	0.11726444210555	1.05741750510677
TCGA-YG-AA3N-01	0.0717297415183292	0	0.0159620521949083	0.309959764871909	0	0.155790223724535	0	0.11904874758978	0.0588206437271337	0	0.0590977501243796	0.0251891754511588	0.0176253653917693	0.0626410986696178	0.0576885681275216	0.0359666874513747	0	0	0.0104801811575825	0	0	0	9999	0.150732444967985	1.06428748100912
