Mixture	B cells naive	B cells memory	Plasma cells	T cells CD8	T cells CD4 naive	T cells CD4 memory resting	T cells CD4 memory activated	T cells follicular helper	T cells regulatory (Tregs)	T cells gamma delta	NK cells resting	NK cells activated	Monocytes	Macrophages M0	Macrophages M1	Macrophages M2	Dendritic cells resting	Dendritic cells activated	Mast cells resting	Mast cells activated	Eosinophils	Neutrophils	P-value	Correlation	RMSE
TCGA-2W-A8YY-01	0.0405876862085533	0	0.0539541838907999	0	0.306188736392422	0	0	0	0.00236741194838162	0.168248413725223	0	0.0737197170152148	0	0	0	0.0451451809654724	0.00756388980569592	0.00907734628510515	0	0.25906145975907	0.034085974004062	0	9999	0.0328025430531158	1.11605762981472
TCGA-4J-AA1J-01	0.000655468849160785	0	0.258127305643834	0	0.17907698146283	0.201575746913056	0.0107643359892234	0	0	0.17834380267037	0	0	0	0	0.0312687502452641	0.00286636710389944	0	0	0	0.127871929512564	0	0.0094493116097981	9999	0.0707372973961756	1.10726927995444
TCGA-BI-A0VR-01	0	0.0260517902830397	0.0806199621595063	0	0.169907452646576	0	0	0	0.00221507348378979	0.0361144129395698	0	0.110414918072915	0.030124321280597	0	0	0.0140015150586274	0	0.0108596281548176	0	0.519690925920561	0	0	9999	0.0101666532714768	1.2177823749511
TCGA-BI-A0VS-01	0.162150550604631	0	0.1215199232664	0	0.122018697648603	0.10272718925807	0	0	0.0319181885760232	0.0947073185185558	0	0	0	0	0	0.0335064324478871	0	0.00265530775998935	0	0.32879639191984	0	0	9999	0.0205153934527023	1.13174771918988
TCGA-BI-A20A-01	0.0585554138013884	0	0.324967247527922	0	0.0729171880138565	0.0992697136457085	0	0	0.00727939585640675	0.0565928481225168	0	0.0424055958514543	0	0.0131225279945883	0	0.0706525891637472	0	0	0	0.209767387535013	0.0377974358623384	0.00667265662506002	9999	0.0386250595486492	1.1465113919094
TCGA-C5-A0TN-01	0.0394108134283837	0	0.27180777011693	0	0.298086435001581	0.00772720222534884	0.124635829663138	0	0	0.160147247295669	0.029703210852199	0	0	0	0.0497573524328499	0	0	0	0	0.0180053699530433	0.000718769030857287	0	9999	0.080970245695953	1.10841286999246
TCGA-C5-A1BE-01	0.113503486025786	0	0.229075368118701	0	0.243060108394129	0.0284623341730824	0.048568400197799	0	0.0263587371015864	0.175174627602013	0	0	0	0.0264922933913213	0	0.0337419275406669	0	0.0105830352123639	0	0.0502255961414207	0.0147540861011296	0	9999	0.0462442789745574	1.11349807580827
TCGA-C5-A1BF-01	0	0.0321212907558269	0.144237209086306	0	0.269781891025568	0	0	0	0	0.104815244430068	0	0.0342437955077395	0	0	0.0154960036848333	0.0170057848395905	0.0183747287169623	0	0	0.363924051953105	0	0	9999	0.0273809044373769	1.13602188221839
TCGA-C5-A1BI-01	0	0	0.0896463620977779	0	0.21560689501221	0	0	0	0.0167048048049474	0.0864931880328995	0	0.0633986239634601	0	0.0137978351462341	0	0.0406971882290212	0	0.00838304448074048	0	0.46527205823271	0	0	9999	0.0200960531489475	1.17814473959738
TCGA-C5-A1BJ-01	0	0	0.289542094159806	0	0.116166483222042	0.139321617996868	0.0267546422724637	0	0.0542195395938408	0.110000656918872	0.0194575272253268	0	0	0.0493301527724583	0.0027014322231694	0.0386498909260183	0	0	0	0.150820486635473	0.00303547605366213	0	9999	0.0711666052603817	1.10353164350676
TCGA-C5-A1BK-01	0	0.0367208089249885	0.0556404622485703	0	0.108001628023561	0.0608295443415616	0	0	0.0605804547113173	0.0716347877073162	0.0108806397187395	0	0	0.0463979429989273	0	0.0684015837155406	0	0.0159222005421828	0	0.464989947067295	0	0	9999	0.0171225606179903	1.16309384539617
TCGA-C5-A1BL-01	0	0	0.183849255788371	0	0.14356188653582	0.129108157226275	0.0251445309059235	0	0.0331979478314253	0.136365330221278	0	0	0	0.0580769873152144	0	0.033485760546341	0	0.00887332934700187	0	0.245438685866106	0	0.00289812841624315	9999	0.0398824619882001	1.1016599229825
TCGA-C5-A1BM-01	0	0.00837827034192706	0.0847350902273482	0	0.323883306090324	0	0	0	0	0.0920285577517869	0	0.0343464272649711	0	0.0583017722620596	0	0.05934729692106	0	0.0255087847171606	0	0.313470494423362	0	0	9999	0.044147757004258	1.10727133313004
TCGA-C5-A1BN-01	0.298728235621799	0	0.189369585906057	0	0.17696597137247	0	0	0	0	0.0844619834682837	0	0.0354225151567686	0	0	0.0226868074584226	0.0101781227295833	0.0855885014659696	0	0.0234869308269684	0	0.0731113459936783	0	9999	0.0543726691043683	1.12452190449311
TCGA-C5-A1BQ-01	0	0	0.343013904610773	0	0.0563304275934612	0.170367839755955	0.0320446502778137	0	0.00551678496213772	0.0514703512014628	0.0164299867471584	0	0	0.0615732771711069	0.000837736379185917	0.0372172983811257	0	0.0016683905721253	0	0.223529352347694	0	0	9999	0.0455345374846039	1.1415930130948
TCGA-C5-A1M5-01	0.0135357587008657	0	0.178698228691616	0	0.139215872563439	0.10994267573065	0	0	0	0.133330377220242	0	0	0	0.0457792245273141	0	0.0587085669520937	0	0.00765985028205487	0	0.313129445331724	0	0	9999	0.0285961258640218	1.11884791974264
TCGA-C5-A1M6-01	0.141337402320292	0	0.110849804031982	0	0.0470967496280697	0.116260661058636	0	0.0507683570491573	0	0.213775591673807	0	0.109843022537806	0	0	0.00823673589417094	0.0274206178203109	0	0.00855301475285659	0.150004735690132	0	0	0.0158533075427805	9999	0.00839698689983265	1.12126934096495
TCGA-C5-A1M7-01	0.00776202925301502	0	0.0287752042295406	0	0.338100586032108	0	0	0	0.0184923855305921	0.113641153002362	0	0.0905817575610401	0.0394970090107357	0	0	0	0	0.0164524024963498	0	0.346697472884257	0	0	9999	0.0343890757796214	1.14372238898847
TCGA-C5-A1M8-01	0.0146363864030746	0	0.220814448361275	0	0.140812768634862	0.216265277263477	0.0457105011585716	0	0	0.165954613219505	0	0.00804215632106243	0	0	0.0108146102090132	0.0703744871048986	0.0266059313952214	0	0.0207024820243289	0	0.0592663379047103	0	9999	0.0656217883209192	1.08863330256592
TCGA-C5-A1M9-01	0.25191937117729	0	0.315998443104154	0	0.0699539775333457	0.121816530204152	0.0294331445915178	0	0	0.107857737114443	0	0.00701448805404819	0	0.00785309784426593	0	0.011360317901733	0.0188297466133418	0.0136028239843441	0.0118683135580214	0	0.0324920083193437	0	9999	0.191581127025619	1.09553074635043
TCGA-C5-A1ME-01	0.147911162695129	0	0.0610763863383877	0	0.0579284082175659	0.0198007864095724	0	0.00802956207768582	0.029975905708636	0.0541816676665821	0	0.0256230945621412	0	0	0.0285262540852403	0.0698834208371525	0	0	0	0.443194892347988	0.0538684590539193	0	9999	0.00155786045891283	1.17184315517838
TCGA-C5-A1MF-01	0.101006649882226	0	0.0442609233899101	0	0.0431758569654284	0.107084080879267	0	0	0.00599073875830217	0.0586872047083333	0	0.036848085852246	0	0	0	0.0358036384486801	0	0.00458044945615824	0	0.539788864096989	0.0178079502870271	0.00496555727543237	9999	0.00754404237371062	1.21397543170696
TCGA-C5-A1MH-01	0.0549851593928719	0	0.154924954742781	0	0.0709235287557835	0.0380433778289655	0	0	0	0.0480761494158576	0	0.0596921633146879	0	0.0390281407573607	0	0.110439659295535	0	0.0148790530372753	0	0.393928500369419	0.015079313089462	0	9999	0.0052295311702918	1.15977839876097
TCGA-C5-A1MI-01	0	0	0.0819252746141544	0	0.10730818224414	0.153624362490372	0	0	0.0235850190668377	0.107958623537547	0	0.0156064716009882	0	0.050278162408285	0	0.0888250757695818	0	0.0148802187437857	0	0.341369887972717	0	0.0146387215515908	9999	0.0226217962856591	1.11936589492176
TCGA-C5-A1MJ-01	0.113205364085179	0	0.0216113905090924	0	0.139372455358001	0	0.0941238618614183	0	0	0.116769506305472	0.0480106083422212	0	0	0	0	0.239371705204542	0	0.104320690297311	0	0.0715972710142017	0.0516171470225607	0	9999	0.000606113565444665	1.07297278880992
TCGA-C5-A1MK-01	0	0	0.286773163202671	0	0.396602079006467	0	0.0610411522240275	0	0	0.191419831835231	0	0	0	0	0.0287885699335874	0	0	0	0	0	0.0353752037980168	0	9999	0.0666345755724413	1.12579247911677
TCGA-C5-A1ML-01	0.287387138241931	0	0.223000976258344	0	0.041178366481029	0.0491485864250591	0	0	0.104469601661777	0.0430991517571236	0	0.00267890165773473	0	0.077945870861494	0.00272745935734954	0.0346278726827601	0	0	0	0.102928974462326	0.0308071001530725	0	9999	0.0259661493854997	1.15189559613871
TCGA-C5-A1MN-01	0.241849692194309	0	0.0292412461762711	0	0.341221309364579	0	0	0	0	0.120527664874611	0	0.0757695603346044	0	0	0.0393936468424986	0.0206847216932424	0	0	0.0214817173287751	0	0.109830441191111	0	9999	0.0200360400716939	1.11134209093701
TCGA-C5-A1MP-01	0.0131237588736638	0.00996778764631864	0.0237517868849741	0	0.063896350130148	0.0180024817598856	0	0.00092817594582047	0	0.052210673332128	0	0	0	0.033966235547198	0	0.0589916524868808	0	0.00209850771158337	0	0.723062589681399	0	0	9999	0.00153712384641198	1.32378401947071
TCGA-C5-A1MQ-01	0	0.0592597310711499	0.0121841972510953	0	0.104982762333314	0	0	0	0.0111103566508155	0.0642945030107088	0	0.038852414989102	0.0152105646149041	0	0	0	0.00264114072743964	0.0147280110170416	0	0.676736318334429	0	0	9999	0.00786333140314448	1.29421652547652
TCGA-C5-A2LS-01	0.122930999542662	0	0.125961837143496	0	0.26043026022469	0	0.0200930627510836	0	0	0.0777839309432552	0	0.0738270263163043	0	0	0.0114619373157636	0.104364315168643	0	0.00504270228994631	0.130401845775526	0	0.0379019292345064	0.0298001532941247	9999	0.0816216676083405	1.05852684449872
TCGA-C5-A2LT-01	0.102979482918548	0	0.172991409439126	0	0.0933348924007715	0.0881974163792891	0.129659497651965	0	0	0.0999370542347519	0	0.0125200503572698	0.0109518862684859	0.0721076612950258	0.0175928829404378	0	0	0	0	0.199727766114329	0	0	9999	0.021608098506436	1.10466035454923
TCGA-C5-A2LV-01	0.0155872961189475	0	0.099979366829546	0	0.178333661858104	0.0375068147339705	0.0409958514948795	0	0	0.110941114159256	0	0.0307549341216959	0	0.0353339347214454	0	0.0403916243060204	0	0.00917698559664557	0	0.40099841605949	0	0	9999	0.030522263830861	1.14104963716943
TCGA-C5-A2LX-01	0.00191968776417412	0	0.0358447595791451	0	0.0768362627404899	0.0403522212024875	0	0	0.0226459063894655	0.119804546176106	0	0.0280208940183192	0	0.00326318470507938	0	0.0787298403612381	0	0.0318181621977559	0	0.540102226472117	0.0206623083936219	0	9999	0.00417605487152751	1.21640319449454
TCGA-C5-A2LY-01	0.00905701638619994	0	0.176835762791395	0	0.108202625295329	0.141750170363991	0	0	0.0335214784712601	0.0749245257542724	0.0382859249934168	0	0	0.053476330437992	0.00794615636851611	0.0714604438772112	0	0	0	0.233768366648617	0.0507711986117997	0	9999	0.0336157174194448	1.09484428762183
TCGA-C5-A2LZ-01	0.0641609923907212	0	0.174504577530164	0	0.078941352329469	0.0884240139565519	0	0	0.0136966590940162	0.0675451369666334	0	0.00935633263824923	0	0.0424617307247657	0	0.0452958449584195	0	0	0	0.406338818615791	0.00927454079521914	0	9999	0.0133683970905852	1.15788973650898
TCGA-C5-A2M1-01	0.127506061840619	0	0	0	0	0.129360162757051	0.0148918437169486	0	0	0.0245509299175053	0	0.0993987354481315	0	0	0.0320142124674286	0.186334275616281	0	0	0	0.343221189961988	0.042722588274047	0	9999	0.00166517246558377	1.14268740376931
TCGA-C5-A2M2-01	0.274210752252278	0	0.0700293208087128	0	0.0653768424785492	0.023906898427333	0.0113854030943415	0.026914336411334	0	0.0412233455769821	0.00751012285671342	0	0	0.179607039560828	0.0180386662807591	0.187382352603824	0	0	0.00290668436509228	0.0453887927224008	0.0245142982932541	0.0216051442675983	9999	-0.0192124371374896	1.11454736446337
TCGA-C5-A3HD-01	0.131419663261728	0	0.308991977067541	0	0.186216357176844	0.0639594984175284	0.0378309153226355	0	0	0.132559315879701	0	0	0	0	0.0166477694188589	0.0167855933695625	0.00271100085380252	0	0.0823671556243102	0	0.0202942770629493	0.000216476544538776	9999	0.148148628889924	1.08890321446466
TCGA-C5-A3HE-01	0	0.0360259915952868	0.0396947236643015	0	0.0275460393210169	0.176840023296404	0	0.00660142088944406	0.0445950534872027	0	0.0190830117522437	0	0.00243572600490489	0.118460791067941	0	0.055295777873716	0	0.029620500610588	0	0.443800940436951	0	0	9999	0.0119986608800761	1.15890876228682
TCGA-C5-A3HF-01	0.215797029764812	0	0.0798449485150863	0	0.0344519902862048	0.0736264867312937	0	0	0.0477685675120704	0.0653183092568172	0	0.0387455587858257	0	0.0297557447604546	0	0.0675890037719664	0	0.0173591019984286	0	0.32974325861704	0	0	9999	0.000140552127344751	1.14204207759356
TCGA-C5-A3HL-01	0.0132982940293045	0	0.32610447538185	0	0.246455864108169	0.00784772278460322	0	0	0	0.117056190972137	0	0.0501626657916509	4.88818855670167e-05	0	0.00298664898251458	0	0	0.0199498636091698	0	0.216089392455034	0	0	9999	0.0317686611450056	1.15594167507858
TCGA-C5-A7CG-01	0	0.0550825988855383	0.123073633259268	0	0.109838724936348	0.154232967995736	0	0	0.0535112815293064	0.121890968016101	0.00784269890786331	0	0	0.025623196507875	0	0.0135086350186015	0	0.00500067894981138	0	0.330394615993551	0	0	9999	0.0358694792395712	1.11842419728188
TCGA-C5-A7CH-01	0.209708759250418	0	0.310176567214119	0	0.0653691562338765	0.149809596168588	0	0	0	0.0816751418469253	0	0.0542906770665303	0	0	0	0.0103594410848439	0	0.0101707208007636	0	0.0864404872928053	0.0219994530411303	0	9999	0.033600333825212	1.17765165865003
TCGA-C5-A7CJ-01	0.063366935192089	0	0.138941946852712	0	0.0804189531224731	0.111378251361528	0	0	0.0256920567787569	0.086912734524163	0	0.0535317628869562	0.0569919473202422	0	0	0	0	0.012504626878364	0	0.370260785082717	0	0	9999	0.0208287342101967	1.14261352614391
TCGA-C5-A7CK-01	0.19444038800394	0	0.111490198282121	0	0.148391382687488	0.00928151957586424	0	0	0	0.0768200119571955	0	0.105232274772938	0.00216067449090183	0	0	0.0348966011830588	0.0180567690852085	0.00305468558037853	0	0.268995768994671	0.0271797253862348	0	9999	0.0114885647687217	1.13768186334455
TCGA-C5-A7CL-01	0.00825126801034082	0	0.240919178587281	0	0.345730773977603	0	0.0400572375492628	0	0.00206987513440981	0.233363358300824	0	0.0420441464803611	0	0	0.0219960752923357	0.0123705524562465	0	0	0.00834312485472252	0.000172029862826402	0.0446823794937865	0	9999	0.0484144363106405	1.12412176179198
TCGA-C5-A7CM-01	0.146612493263623	0	0.0351010465812573	0	0.265889605679317	0	0	0.000689618710563965	0.0026716061721551	0.157030905920818	0	0.139186974473277	0	0	0.00615246411658871	0.0234445429007146	0	0	0	0.205374409236753	0.00864741629300081	0.0091989166519305	9999	0.0318259198466676	1.12822299338965
TCGA-C5-A7CO-01	0.0757977911702406	0	0.362261953298263	0	0.0998113635820578	0.082718782304539	0.00231855073423034	0	0.0402776801839336	0.0782009458380662	0.0283450454062688	0	0	0.061268676498535	0.00421510674490295	0.0379450682135584	0	0	0	0.126628423965788	0	0.00021061205961664	9999	0.108541121696043	1.12188740551856
TCGA-C5-A7UC-01	0.508886329849566	0	0.0484567768006447	0	0.119418958572195	0.0540532629952201	0.0698495020414029	0	0	0.106496643309435	0.036464929831047	0	0.0216154178658893	0	0.00330147779189929	0.00157297608405961	0	0.0125151095251209	0	0.0145014902654963	0.00286712506802377	0	9999	0.0227867738261079	1.17135398142658
TCGA-C5-A7UE-01	0	0	0.113609375075121	0.0105029410681086	0.333449872417051	0	0	0	0	0.0385608098935174	0	0.0363216643777127	0.0200970422277964	0.00186289466926626	0	0.00759313870740306	0	0.0112226061630191	0	0.426779655401004	0	0	9999	0.0378900925981117	1.1503628103025
TCGA-C5-A7UH-01	0.0492923924150056	0	0.0408469312825805	0	0.20252312480895	0.135395788609319	0	0	0	0	0	0.0143686575610488	0.0792278682672606	0	0	0	0	0.0889932802929233	0	0.389351956762912	0	0	9999	0.0321570486859752	1.12675262730565
TCGA-C5-A7UI-01	0	0.0460665317431477	0.054869190601301	0.00657297237671285	0.0949712572817842	0	0	0	0.0247028937301748	0.00370951049883451	0	0.0520380744503972	0.00207522165577118	0.0464474470787246	0.0184427884177605	0	0	0	0	0.614883861079527	0.0352202510858645	0	9999	0.00725751939692321	1.25985878809933
TCGA-C5-A7X3-01	0	0.032523353337966	0.0614376372254731	0	0.16285179789414	0	0	0	0.00857463967856083	0.0581323944331454	0	0.0523501365106242	0.0109763600491863	0	0	0.00783150069276089	0	0.0198842683033959	0	0.585437911874747	0	0	9999	0.0153797579745872	1.2359162477525
TCGA-C5-A7X5-01	0.399620212695997	0	0.305976379741023	0	0.0407755428973101	0	0.0519621249178639	0	0.0145879103284037	0.00362809115158635	0.0207435005593186	0	0	0.00143924213602128	0.0107029164403882	0.0145665513440306	0	0	0.112127088697979	0	0.0238704390900787	0	9999	0.232326627755261	1.10738959496039
TCGA-C5-A7X8-01	0.190540393199128	0	0.0198370519647737	0	0.0380848322090429	0	0	0	0	0.0428539989557348	0	0.00380223097670263	0	0	0	0.0408218375605594	0	0.00907729186752939	0	0.640777910662188	0.0142044526043419	0	9999	-0.00181462321836225	1.2789315967328
TCGA-C5-A7XC-01	0.118736120830342	0	0.18526891341688	0	0.0417912404806571	0.0796439206466642	0	0	0.00348033071782143	0.0365178808665021	0	0.0609478435979585	0	0	0.00649024732363791	0.0230212153145731	0	0	0	0.434783819401076	0.00456017991673968	0.004758287487148	9999	0.00600036989554053	1.19305022546721
TCGA-C5-A8XH-01	0.0718549326678021	0	0.250406679703453	0	0.10554428772618	0.106311615085918	0.059424747370782	0	0.00300960322721915	0.0982734417076047	0.0220601488497743	0	0	0.0332016206597786	0.0109991984341476	0.0741856260469425	0	0	0	0.158858508755342	0	0.00586958976505637	9999	0.0583868934932573	1.09927150384873
TCGA-C5-A8XI-01	0.0599485708677733	0	0.261819879288399	0	0.0844245872657714	0.0275410360920155	0	0	0.0313008358593251	0.0708265982767328	0.00618415366137478	0	0	0.0434796824253249	0.00308780932721725	0.0306288759999031	0	0.000702537154362726	0	0.3800554337818	0	0	9999	0.0123696496999626	1.1746770881857
TCGA-C5-A8XJ-01	0.113677201542142	0	0.121219457623784	0	0.186843318708079	0	0	0	0.0311577069017509	0.0797483672820033	0	0.000425963190644835	0	0.0444930928387853	0	0.0578824906555618	0	0.0306530883342204	0	0.333899312923029	0	0	9999	0.0202282840017212	1.12191996224302
TCGA-C5-A8XK-01	0.13349191063174	0	0.226620704810602	0	0.158285539685191	0.0939419421205431	0	0	0	0.103518180445416	0.0111142423897903	0	0	0	0.0632261627542837	0.022673006547569	0	0	0	0.187128310614864	0	0	9999	0.0206120066048651	1.13014759623971
TCGA-C5-A8YQ-01	0.357481680403517	0	0.0692936650739359	0	0.06488202485687	0.123722283891426	0	0	0.0123793726580816	0.0850902360962646	0	0.00318310307116925	0.0549328019929632	0.0288962608004446	0	0.0339582135923628	0	0.0641931447722906	0	0.0713626291373281	0.0306245836533467	0	9999	0.0293320965761349	1.11061883634947
TCGA-C5-A8YR-01	0.0030059600732358	0.111616596466012	0	0	0.0483357258110817	0.0549204374447012	0.105962016851825	0	0	0.0036660679308596	0.118874629915531	0	0	0.189429032370524	0.0144446864180159	0.111079996875989	0	0	0.0955450276426467	0	0.0786357037584008	0.0644841184411778	9999	-0.0396388451017075	1.08616630388658
TCGA-C5-A8YT-01	0.066110371294851	0	0.102787226659924	0	0.0579754855114614	0.111830794310036	0.00382046621107156	0	0	0	0.130901741413411	0	0.171889829647191	0	0	0.0138785304078862	0	0.145212551207113	0	0.195593003337054	0	0	9999	-0.0354716367548907	1.10493236246979
TCGA-C5-A8ZZ-01	0.0391751337611768	0	0.213606752267137	0	0.185614390127866	0.012115566515239	0.076493372579839	0	0.0178321756624678	0.12641793417949	0	0	0	0	0.0029437442873527	0.147033786063581	0.090225506315779	0.0171354303096155	0	0.0440663636945482	0.0273398442359075	0	9999	0.0301856444217842	1.08337999344096
TCGA-C5-A901-01	0.0791037617632732	0	0.107933898035131	0	0.121332131088116	0.0987894207581836	0	0	0.0247374226060017	0.174742338242756	0	0.0598395691921797	0	0.00562856347337508	0	0.0591012281406097	0	0	0	0.229044219387355	0.0397474473130196	0	9999	0.0252539439092397	1.11060679018113
TCGA-C5-A902-01	0.00182985364150531	0	0.282899199402916	0	0.0652130015796423	0.0242211875126916	0	0.0997224697664583	0	0	0.148224340704295	0	0	0.0474463173677596	0.000479377526319267	0.0460619300954255	0	0.0685189422304046	0	0.163078442504323	0.0186173280343481	0.033687609633912	9999	0.0434817713309349	1.10830902310889
TCGA-C5-A905-01	0.223670346802893	0	0.14886008708933	0	0.139163984470393	0.160209447167117	0	0	0	0.0512317215198157	0	0.04250894348235	0	0.0277307657550548	0	0.06540421433098	0	0	0	0.0910264344601084	0.0501940549219589	0	9999	0.049677591970107	1.10010878604741
TCGA-C5-A907-01	0.107067776416838	0	0.0835274060113528	0.0406608909504393	0.124692338190429	0	0.202815729847989	0	0	0	0.11831712975087	0	0.111659999226485	0	0	0	0	0.0944809663743324	0	0.116777763231265	0	0	9999	0.0200449882628391	1.07627479835498
TCGA-DG-A2KH-01	0.282270568058158	0	0.0846883375979356	0	0.063262878213059	0.147325147127594	0	0	0	0.0881668362143174	0	0.0437821034012317	0	0.024430153625362	0.0046888733370243	0.0893449292402096	0	0	0	0.111669121213407	0.0603710519717007	0	9999	-0.0130503031424289	1.12203389370711
TCGA-DG-A2KJ-01	0.0041018309928063	0.0023343533986578	0.013658490138449	0	0.0512756904026156	0.0832708484062444	0	0	0.0281883357356122	0.0612122815614448	0	0.0204905440488581	0	0	0	0.0277816181234607	0	0.0119111751561298	0	0.695774832035721	0	0	9999	0.00753416330876818	1.30392668003656
TCGA-DG-A2KK-01	0.104508935144586	0	0.158563099694274	0	0.100772838957581	0.192361075576966	0.0111443792700733	0	0	0.129785862597002	0	0	0	0.0164594468007896	0.00596572805074118	0.109565236312865	0	0	0	0.167016252676758	0.00385714491836379	0	9999	0.0517587548884861	1.08593117463298
TCGA-DG-A2KL-01	0.105169977784234	0	0.235592905862351	0	0.138895793648898	0.0251249980627673	0.0686322254669086	0	0	0.112496942935323	0.0144514757476096	0	0.0865614016175096	0.107849741049244	0	0	0.0244442209316517	0.00386877347457409	0	0.0769115434189297	0	0	9999	0.0731448454355244	1.08406506685829
TCGA-DG-A2KM-01	0	0.0552495016252488	0.0361036509368686	0.00715788973278312	0.0485640373139096	0.00653316290241524	0	0.00154513514045493	0	0	0	0.0137709751035368	0	0.0737646482447321	0	0.121931339374041	0	0.00629435249447182	0	0.626929852979506	0.00215545415203186	0	9999	0.000785331139688475	1.26861683454543
TCGA-DR-A0ZL-01	0.0337189187496553	0	0.205259489111158	0	0.239607930096011	0.0930398246321048	0.0796913245273675	0	0	0.151301828403458	0	0	0	0	0.0235023167727281	0.0643911431277168	0.0351093133300522	0	0	0.0653778026410523	0.00390144394254207	0.00509866466615494	9999	0.0581923307478324	1.08593287451247
TCGA-DR-A0ZM-01	0.0140621765522172	0.0282664749858446	0.0128314547154325	0	0	0.0568772027486177	0.0213941376739784	0	0.138174996459345	0.088704365951176	0.0465059983963422	0	0	0.139914437069297	0	0.0587459893718246	0	0.00699121386140467	0	0.323497289473461	0.0640342627410599	0	9999	0.000849208905788556	1.12695529764064
TCGA-DS-A0VK-01	0.156875706584324	0	0.150511590172991	0	0.0841890865451986	0.158970967093573	0.0133836790066645	0	0	0.0835981732626229	0	0.0288342179625557	0	0	0.0916445149846593	0.167444077757668	0	0	0	0.0528081491018074	0.0117398375279365	0	9999	0.0389965930703693	1.08866866443267
TCGA-DS-A0VL-01	0	0	0.204395403097552	0	0.125390154402913	0.2473805202637	0	0	0	0.119515220111815	0.0189361959492094	0	0	0.0318866610768859	0.00306991896142532	0.0196392825274097	0	0	0	0.22978664360909	0	0	9999	0.0487866428734939	1.10667600150977
TCGA-DS-A0VM-01	0.159801707382679	0	0.173715540431541	0	0.133656132425503	0	0.155475359061402	0	0	0.0426420550627764	0.114368185526535	0	0	0	0	0.0344636967231608	0	0.0241374488213204	0	0.10667108990219	0.0550687846628928	0	9999	0.0494701564543139	1.09142289485717
TCGA-DS-A0VN-01	0.20441659697376	0	0.0273107617570957	0	0.198672156644059	0	0.110131872476573	0	0	0.0966378199574885	0.0577131787759039	0	0	0	0	0.115837035531369	0	0	0	0.100715992965462	0.0885645849182899	0	9999	0.023152771543488	1.07953718181297
TCGA-DS-A1O9-01	0.150571490398662	0	0.262124184345395	0	0.0293866703356743	0.0967473211933302	0.075633689205351	0	0.060058430613652	0.0444632201713386	0.00478189588102878	0	0	0	0.0223914963317693	0.0691153375177033	0.0856592268019952	0	0.076665437761427	0	0.0224015994426735	0	9999	0.128319421841278	1.06995866550123
TCGA-DS-A1OA-01	0.115362559966058	0	0.135597110174023	0	0.0557580068243735	0.0806076628096392	0	0	0.00143333865665863	0.0774458861812117	0	0.0192670263809538	0	0.0262538408796475	0	0.0669676024656386	0	0	0	0.415435012296531	0.00587195336526475	0	9999	0.00696919903040462	1.16387051261554
TCGA-DS-A1OB-01	0.0550279214464916	0	0.105031067139239	0	0.208603680836141	0.045664356850893	0	0	0	0.123087828957854	0	0.0803321779986467	0	0.0099845953198556	0	0.141370536165754	0	0.0339215182043593	0	0.14146953299914	0.0555067840816264	0	9999	0.0298166129081598	1.08462903013568
TCGA-DS-A1OC-01	0.0333499157872642	0	0.149995622527197	0	0.136792036222062	0.225645788637499	0.0248950402461038	0	0.00745760625631615	0.172859361665177	0	0	0	0.0114220080391507	0	0.0267089200285941	0	0.0108448268396619	0	0.200028873750975	0	0	9999	0.0373270800043136	1.10379790109331
TCGA-DS-A1OD-01	0.0651508815349518	0	0.217164088939329	0	0.0786301542446124	0.0318755955631569	0	0	0.05665386245418	0.0126487508474749	0.0163863513616656	0	0	0.0867304286146289	0	0.126775457159107	0	0.0307961523301464	0	0.270245207583124	0.00353480965313869	0.00340825971448443	9999	0.00942049694491945	1.12612439925688
TCGA-DS-A3LQ-01	0	0	0.104386248268319	0	0.233055991501423	0	0	0	0	0.0688527362801635	0	0.0226224644542163	0	0	0.0414210802341765	0.0786809949183124	0.00916283675304612	0.00752366169176922	0	0.388730407141012	0.0411991075817745	0.00436447117578657	9999	0.0222147588327535	1.13407270465567
TCGA-DS-A5RQ-01	0.121637955364197	0	0.239133523137455	0	0.121350400499278	0.0136162695820424	0.0980344045057639	0	0	0.0549552671384335	0.04511261957591	0	0	0.0457452393858462	0.0401583984637152	0.0447895744761405	0	0.000570415615925688	0	0.174895932255293	0	0	9999	0.178684427151958	1.04432072442625
TCGA-DS-A7WF-01	0.159944828743484	0	0	0	0.142033423245869	0.0384350856009835	0.0218084363137446	0	0	0.128468108496473	0	0	0	0	0	0.263452722897523	0	0.0545720046555822	0	0.128972472012341	0.0623129180339989	0	9999	0.0097756917802275	1.07697304212027
TCGA-DS-A7WH-01	0.149092261615385	0	0.105461712966391	0	0.125263937098619	0	0.0143495481963658	0	0	0.031966538435479	0	0.144486876499516	0.282358767579781	0	0	0	0	0.0755882273087638	0.0100416558514278	0	0.0613904744482714	0	9999	0.00462116160247612	1.10092158026205
TCGA-DS-A7WI-01	0.0718139075431596	0	0.164623496701989	0	0.0681540599215922	0.105748150391215	0.0660532505549964	0.00346252821023849	0	0	0	0.0404744120408966	0.0824889031201697	0	0	0	0	0.0943135470733536	0	0.302867744442389	0	0	9999	0.0105146337690707	1.12181377044966
TCGA-EA-A1QS-01	0.244555847303056	0	0.103989618377581	0	0.235053580274182	0	0.0841785078145418	0	0	0.102145322865693	0	0.0118212404702084	0	0	0	0.0761308409215324	0	0.0358705078974652	0	0.0334160408027229	0.0728384932730179	0	9999	0.0287917803968758	1.0962307572356
TCGA-EA-A1QT-01	0.200897026699056	0	0.263996363548995	0	0.187913235722738	0.0682462049965272	0.0247541091804691	0	0.0215400520528677	0.0936700792610878	0	0	0	0	0	0.0357705894417465	0	0.016497035007613	0	0.0563934773428414	0.0303218267460588	0	9999	0.0452921150878873	1.14151236909128
TCGA-EA-A3HQ-01	0.145458461982515	0	0.245576497344833	0	0.208023106299353	0	0.0836296201275998	0	0	0.0154069540301118	0.0676234298859336	0	0	0.0194649552753811	0	0.0368617362485696	0	0.0151033687266281	0	0.162851870079075	0	0	9999	0.0645515419672243	1.10922225556085
TCGA-EA-A3HR-01	0.0979806854876928	0	0.244090539388494	0	0.139330075659042	0.151140419939896	0.108429921306596	0	0	0.139656364821795	0	0	0	0.00220055341278292	0.0217463048948305	0.0327603875082456	0.0245297931076237	0	0.0269893308352575	0	0.0111456236377437	0	9999	0.109253037347177	1.08071204760088
TCGA-EA-A3HS-01	0.027699445300184	0	0.235632490787063	0	0.173062029593516	0.147450179244876	0	0	0	0.153354803550533	0	0	0	0	0	0.0289386444594964	0	0.0145523997705261	0	0.219310007293806	0	0	9999	0.0428711998220201	1.11638081499754
TCGA-EA-A3HT-01	0.0791027491668588	0	0.273345525384847	0	0.208816681938352	0.124529651794645	0.0183149696150337	0	0	0.177943981219576	0	0.00447709307054432	0	0	0	0.0163039383876299	0.0023855372493745	0.0222202732875521	0	0.0601327333290185	0.0124268655565684	0	9999	0.0474604822241704	1.12971085920718
TCGA-EA-A3HU-01	0.0731327930372443	0	0.14629534878283	0	0	0.0442245987531728	0	0	0.0271181236126295	0.0168993052302408	0	0.0439151235713086	0	0.0768008366954199	0	0.0015298742423063	0	0.00109756323929926	0	0.533069236387446	0.0359171964481015	0	9999	-0.00176576209327044	1.23078928316432
TCGA-EA-A3QD-01	0	0.0748326705475137	0.0363580006136074	0	0.0684601960519156	0.0119393403655217	0	0.00235346166588386	0.0150439463312965	0.0239167772803923	0.016581154923563	0	0	0.113589295306678	0	0.0934687888382206	0	0.00823531279750655	0	0.535221055277901	0	0	9999	0.00133501256409222	1.21271800679601
TCGA-EA-A3QE-01	0.0266592383459749	0	0.0826883920457181	0	0.0512373536696869	0.079396433073261	0	0	0.0305894057580859	0.0557564885678563	0	0	0	0.0972788364054831	0	0.036699889314696	0	0.0207675915958633	0	0.518926371223374	0	0	9999	0.0151458994050054	1.1932474434693
TCGA-EA-A3Y4-01	0.0713737396104518	0	0.0253831761110824	0	0.148594719178327	0	0.00812584356788015	0	0	0.124143132945361	0.00795730819534302	0	0	0.022463490083523	0.0242266855986162	0.0796454714929949	0	0	0	0.25497731655767	0.207230288655477	0.0258788280032735	9999	0.0126785364713558	1.10099888989041
TCGA-EA-A410-01	0.339500180725614	0	0.0278186730359862	0	0.0382604961121217	0.128958910177533	0	0.00140566021253723	0	0.127649658331574	0	0.0547379942203044	0	0	0	0.115751626591751	0	0.0484494141226442	0	0.113737320211827	0	0.00373006625810762	9999	0.00582922970518221	1.11900323550666
TCGA-EA-A411-01	0.113500100021995	0	0.124137780089196	0	0.082521094772448	0.0516401234571398	0	0	0	0.11414069675412	0	0.0769823272050121	0.00578639435124517	0	0	0.0452321420527813	0	0.00663221824835135	0	0.341345745259566	0.0380813777881455	0	9999	0.00703558919633848	1.14930899929317
TCGA-EA-A439-01	0	0.0681631218071224	0.0633761386312623	0.00364044516223092	0.235036451187473	0	0.210315934574517	0	0	0.00444644944928252	0	0	0	0	0	0.172960085460451	0	0.0514493693323821	0	0.109408275457461	0.0411224898080767	0.0400812391297409	9999	0.0387872283334965	1.05838505571273
TCGA-EA-A43B-01	0	0.0433430410568391	0.113145007270633	0	0.166373907650343	0	0	0	0.0264922598791162	0.0537342819074539	0	0.0266100687812635	0	0.0505049031477928	0.0245568562614229	0.0534861594639101	0	0	0	0.396263976810508	0.0454895377707168	0	9999	0.0151098888094053	1.14248076352572
TCGA-EA-A44S-01	0.110561335954155	0	0.168101238692634	0	0.141015598373276	0.0990513182145877	0	0	0	0.0629278805408138	0.0162590085727393	0	0	0.0672667072118833	0	0.0370263166212253	0.0104886916201088	0.00246566902547547	0	0.2848362351731	0	0	9999	0.0308730814534148	1.1147402904286
TCGA-EA-A4BA-01	0.244758658726103	0	0.0427097268568217	0	0.0518451724054356	0.129777911272072	0	0.034924738499818	0	0.100491048935717	0	0.0837257997226719	0	0	0	0.12892983800591	0	0.164741783315029	0.0076123067678661	0	0.0104830154925558	0	9999	-0.00279338161666114	1.1061449477504
TCGA-EA-A50E-01	0.265101270614746	0	0.0987800837598891	0	0.142012977410621	0.0281587094303976	0	0	0.0279945294853715	0.0716243016935393	0	0.0736870452855773	0.0406267878313867	0.00332856612808871	0	0.0178119798511992	0	0.00236295852945415	0	0.213022073282229	0.0154887166975	0	9999	0.0180375755123915	1.12748574857235
TCGA-EA-A556-01	0.0495372312420348	0	0.126274218553561	0	0.230120165793041	0	0.0399032467093363	0	0	0.202443952878894	0	0	0	0	0.0516111011589883	0.157782746035835	0	0	0	0.000800511333254648	0.13920047832717	0.0023263479678847	9999	0.0604914385689134	1.06504137268583
TCGA-EA-A5FO-01	0.300309176164351	0	0.0691153076627318	0	0.137177941480781	0.0238893093556545	0.187304040109497	0	0	0.0363733544755364	0.015024345602536	0	0	0	0.00842554465787749	0.0607969653006098	0.072163943602527	0	0.0711088257256004	0	0.0183112458622978	0	9999	0.0738722903242203	1.06920676467525
TCGA-EA-A5O9-01	0.107077560379892	0	0.481920458764113	0	0.0586076282666376	0.106663416732617	0.0477265055644584	0	0.0117491806968345	0.0522981081473683	0	0	0.0227313280254481	0	0.0240839469870203	0	0	0	0	0.0858009043088691	0	0.0013409621267416	9999	0.18343052742756	1.15166710469444
TCGA-EA-A5ZD-01	0.224712625688332	0	0.194447468504162	0	0.116073291912106	0.0731159037018824	0	0	0.0625815041239172	0.0792838021973601	0.00737904715276111	0	0	0.0904768375579523	0	0.0142779995229292	0.0263723351664993	0.00186695450390726	0	0.109412229968191	0	0	9999	0.036977243665435	1.11839634035817
TCGA-EA-A5ZE-01	0.0974630120393849	0	0.199005378650222	0	0.0231958843265144	0.060357988190259	0.0381959872233318	0	0.0158066492935718	0.0509817644177001	0	0.0539832117865905	0	0.0839031699088325	0.041622855327958	0.110635373313752	0.0128626652906791	0	0	0.204087851036214	0.00789820919498993	0	9999	0.00283100125402135	1.11962078392893
TCGA-EA-A5ZF-01	0.110556431237478	0	0.0416839364743761	0	0.165808619323232	0.105067036261393	0	0	0	0.195334065707874	0	0.0708120025721433	0	0	0.0251819649634662	0.162762269896306	0	0	0	0.0877956024927233	0.0349980710710081	0	9999	0.0220248034494255	1.09388001817842
TCGA-EA-A6QX-01	0	0	0.282984574975141	0	0.240502415212594	0	0	0	0	0.0367532349452218	0	0.0405830971666199	0	0	0.0237946017594279	0.0281591760411933	0.00173282160129255	0	0	0.327568375197086	0	0.0179217031014241	9999	0.0280049095347795	1.15385521644512
TCGA-EA-A78R-01	0.116512276877956	0	0.226324665916008	0	0.127555089418261	0.121686190170911	0.0199643585075457	0	0.0301201427847815	0.105883740018934	0.0285211464384648	0	0	0	0	0.0168991451451115	0	0.0201142266125626	0	0.186419018109465	0	0	9999	0.0843297268944865	1.09719277177304
TCGA-EA-A97N-01	0.0517822403508801	0	0.246835975046527	0	0.207321005001691	0.169624352038932	0.0479427475005605	0	0	0.201966829707516	0	0.00544421262939135	0	0	0	0.0328886561479432	0.00718803462543923	0.00256628862335239	0.00648567952243288	0	0.0199539788053341	0	9999	0.111115785517104	1.09268739278401
TCGA-EK-A2GZ-01	0.145122817882006	0	0.185729464378776	0	0.349928160528208	0	0	0	0	0.071190295902981	0	0.0312916619526363	0	0.0867407509199149	0.0247669961838936	0.0102512707238009	0	0	0	0.0949785815277837	0	0	9999	0.04159893432312	1.10737607497924
TCGA-EK-A2H0-01	0.0312256031974559	0	0.322070938458864	0	0.141854358389201	0.16479204990509	0.0298233177718499	0	0	0.102567456945645	0.00251218185518698	0	0	0.048634541050741	0.00221498747096022	0.0617118514318412	0	0.0270770252703206	0.0237668507584876	0.019583065030845	0.0221657724635119	0	9999	0.0375005591399369	1.13015100176673
TCGA-EK-A2H1-01	0.0840310874894068	0	0.136817330208555	0	0.100844505891876	0.0538055562335618	0.111735907952199	0	0	0.0812158862183836	0	0.00864208920865154	0	0.0552201492511056	0	0.0112363243500684	0	0.0141387466774573	0	0.265265427929095	0.0770469885896398	0	9999	0.0195764676833242	1.10529053541356
TCGA-EK-A2IP-01	0.200592771526643	0	0.219901837061576	0	0.134209249536282	0.0567854593276827	0.0631495159267729	0	0	0.107576136333398	0.0397335081306057	0	0	0.0720578995693809	0	0.0555209314576506	0	0.00261367665909047	0	0.0391972623714369	0.00866175209948005	0	9999	0.084364885921148	1.09683033348832
TCGA-EK-A2IR-01	0.00545059875435695	0	0.0528017315989976	0	0.168285748258613	0	0.295212082108071	0	0	0	0.0721413132152372	0	0	0	0.035801827202954	0.144647207343482	0.0680134264271912	0.0082290481045054	0	0.021862885373939	0.0634263966045433	0.0641277350081097	9999	0.0413822074029931	1.05263941329373
TCGA-EK-A2PG-01	0.0700348437552392	0	0.0761144114600744	0	0.136561540748988	0.162207281006205	0	0	0	0.132585028261452	0	0	0	0.0327562454762835	0.0347925942599264	0.0712601420037203	0	0	0	0.250980998144905	0.032706914883206	0	9999	0.0317493058196195	1.09307313257404
TCGA-EK-A2PI-01	0.0862838037532793	0	0.294980683058948	0	0.257492155014664	0	0.0392737115238637	0	0	0.0567317248803724	0.0460109648379332	0	0	0	0.00303593830627644	0.114814931940533	0	0	0	0.0136163490056926	0.0877597376784377	0	9999	0.0773449566743056	1.10589724935698
TCGA-EK-A2PK-01	0.0182137096406856	0.0370240620363178	0	0	0	0.114810744587766	0	0	0.0328340361345986	0.0555937778018844	0	0.0171253709164707	0	0	0	0.0543692722504774	0	0.00679494130437841	0	0.612105646557721	0.0249583409812246	0.0261700977884754	9999	-0.00697702181298228	1.258757252101
TCGA-EK-A2PL-01	0.160583241645498	0	0.404214577610284	0	0.104679120133207	0.0640639027120808	0.00911783994344372	0	0	0.0709421022876377	0.00272564587348022	0	0	0.0268931201522234	0.0363395157246426	0.0410333043726378	0.00771430900844662	0	0	0.053265135525824	0.00727504785983109	0.0111531371507635	9999	0.0712884059918611	1.18633977577838
TCGA-EK-A2PM-01	0.0243410117388838	0	0.161637955731686	0	0.19498945742387	0.220186462071402	0.0160719581174879	0	0	0.150961086542461	0.101424686894547	0	0	0	0.00613944430808311	0.0396723592992658	0	0.0818475003193034	0.00272807755300971	0	0	0	9999	0.0178880078188527	1.1211700762338
TCGA-EK-A2R7-01	0	0.0045397474591921	0.0634386082774605	0	0.0418369928965518	0.0631023062843305	0	0	0.0168765316458716	0.111785509275465	0	0.0605728745789015	0	0	0	0.0729082232558893	0	0.00323822789647703	0	0.540424818764939	0.0212761596649214	0	9999	0.00397330163378847	1.22567350675722
TCGA-EK-A2R8-01	0.0979631034404877	0	0.0360337025599332	0	0.172581795810283	0	0.238903300419549	0	0.0130253047710097	0.0538710908527676	0	0	0.0263485570001753	0.122398783324253	0	0.00696913625771001	0	0.0483899367053743	0	0.183515288858457	0	0	9999	0.0257730741860348	1.07791399149758
TCGA-EK-A2R9-01	0.127772775477024	0	0.131764422744033	0	0.047166345288511	0	0.0203125265109851	0	0.140691710585295	0.0962345593047737	0.0280694079263378	0	0	0.102536088766719	0.0767617854719722	0.0946427457115758	0.0453953898972674	0	0	0.0886522423155057	0	0	9999	0.00665015872877604	1.08952081302465
TCGA-EK-A2RA-01	0.0830502765313347	0	0.239608971201093	0	0.116200792526218	0.0988797388375095	0.11418684316671	0	0.0197348158252374	0.0751293923493829	0.0377576424183044	0	0	0.0388979201044802	0	0.0376143007548361	0	0.00109737371799941	0	0.137841932566895	0	0	9999	0.0959625167318947	1.08065920080082
TCGA-EK-A2RB-01	0.28570052429684	0	0.156205676125933	0	0	0.111292464357935	0.0195192039497604	0	0.059497309865977	0.0474773578890473	0.0122369587928056	0	0	0.137074814620315	0	0.0184035275682591	0	0.0687448892475028	0	0.0831261612691413	0	0.00072111201648301	9999	0.0623064549823416	1.10182943747616
TCGA-EK-A2RC-01	0.166973992104972	0	0.110134178676282	0	0.0734789068108842	0	0	0	0	0.152850293987483	0	0	0	0	0	0.050263101956143	0	0.00327078869456757	0	0.405032437103078	0.0379963006665896	0	9999	0.00388140950010049	1.16507632209322
TCGA-EK-A2RE-01	0	0	0.213930694528415	0	0.418487054851993	0	0.0617376585265094	0	0.00777138055612245	0.184875317044758	0	0.0132927133778205	0	0.00663103287559885	0.0161457974059851	0	0.0226675213216391	0	0.0544608295111585	0	0	0	9999	0.0206191286506775	1.12600075135977
TCGA-EK-A2RJ-01	0.0552143272406431	0.0125596637784565	0	0	0.0119129830542448	0	0.112888083722764	0	0.00278094693740929	0.000587507135910329	0	0.0234122034764622	0	0.058157158831701	0	0.0381302500254917	0	0.101726371435167	0	0.541938702734962	0.0406918016267877	0	9999	-0.00695840343158051	1.23023748492117
TCGA-EK-A2RK-01	0.123035382331638	0	0.290309296830535	0	0.080977328216414	0.00328410018329216	0.0979587445856971	0	0.0339839634233315	0.057470377896278	0.0331228950886175	0	0	0.0805027870239231	0	0.115068323429633	0	0	0.0242952211031567	0	0.0599915798874837	0	9999	0.184104656766829	1.04848623127989
TCGA-EK-A2RL-01	0.142817106738897	0	0.0498096090241281	0	0	0.174849744328369	0	0.0390507180492297	0	0.0196393328496937	0.0351825707429763	0	0	0.0396807032811588	0.00108688636293608	0.190218740812884	0	0.0190541865215905	0	0.271980498850619	0.0166299024375176	0	9999	-0.00374416767546827	1.10662859973017
TCGA-EK-A2RM-01	0.0209930858169736	0	0.222958475410738	0	0.243542911707686	0.0577629033748871	0.025857963285823	0	0	0.128079824196476	0	0.0559788015132356	0.0517505582339803	0	0	0.066322786730418	0	0	0	0.042505746998379	0.0842469427314029	0	9999	0.0406097085554723	1.09718584386118
TCGA-EK-A2RN-01	0	0	0.140632929027516	0	0.437063508672077	0	0.0356056819290266	0	0	0	0	0.082135713953958	0.104554810621796	0.0214268007340626	0	0	0.00202958391535187	0.0623922696361293	0.114158701510083	0	0	0	9999	0.0238759576645111	1.08922947456176
TCGA-EK-A2RO-01	0.0972764509409237	0	0.323392727585651	0	0.127432615903441	0.078667796859834	0.0518617729275214	0	0	0.11442668861857	0.0200519684611625	0	0.117422519184264	0.00701323410922326	0	0.00225837136573648	0	0	0	0.0162455018360316	0.0439503522076408	0	9999	0.0243358834027738	1.15093940912937
TCGA-EK-A3GJ-01	0	0	0.245821719152001	0	0.0121099493979762	0.118418648973004	0.0862332811718625	0	0.0945902097538553	0.0631330454538783	0.121026905163325	0	0	0.133076710933113	0	0.00529599849471548	0	0	0.0116002488497175	0.0449824008798469	0.0637108817767057	0	9999	0.069424257392993	1.08471090693856
TCGA-EK-A3GK-01	0.223189371078173	0	0.247721454496609	0	0.073535646782334	0.152355129699075	0	0	0	0.111481442209551	0	0.0219010130926822	0	0.0369408385859017	0.00326283416318844	0.0465883607845118	0	0.00528526593228926	0	0.051590490578058	0.0261481525976259	0	9999	0.0390101113022796	1.14090319179407
TCGA-EK-A3GM-01	0.104561087159946	0	0.299029223517823	0	0.154523691410557	0.067993358880192	0.00572594761633134	0.0418499481230724	0	0.112826698730431	0	0.0300346901591394	0	0.0276399833565514	0.0342594844833115	0.109364274746114	0	0	0	0	0.012191611816533	0	9999	0.0205049044000261	1.14543511796857
TCGA-EK-A3GN-01	0.290171858514679	0	0.27214055133957	0	0.10757160461574	0	0.0675483532134222	0	0	0.0256323738385673	0	0	0	0.0201548144666778	0.0105232945679295	0.0118563694997968	0	0	0.166158953678004	0	0.0121040042829597	0.0161378219826532	9999	0.0575256628251669	1.15721368070831
TCGA-EX-A1H5-01	0.0658392932753046	0	0.196285045747255	0	0.194731583459098	0.0360439582288586	0	0	0.0261882484259563	0.0490424372333304	0	0.112238561589084	0	0	0.00175160599768006	0.030475759332093	0	0	0	0.28740350671134	0	0	9999	0.0226880119050067	1.14287384672452
TCGA-EX-A1H6-01	0.205981407420291	0	0.125875129179303	0.000332235687010526	0.0148394313902121	0.0542785933665232	0	0	0	0	0	0.0525790775699691	0	0.0222914214183017	0	0.111267350052987	0	0.0222891985421554	0	0.301363377220935	0.0809054999694749	0.00799727818283672	9999	-0.00421769075430497	1.14473180822104
TCGA-EX-A3L1-01	0.178491181209648	0	0.152352260667629	0	0.114034275512175	0.103248709660742	0.068672451576048	0	0	0.0839327236051148	0	0	0	0	0.0191262897348848	0.0143422601348217	0.00214116812810589	0	0	0.263658679770832	0	0	9999	0.0185286695358701	1.12551092797861
TCGA-EX-A449-01	0.125410588748606	0	0.0568625187687294	0	0.0826203713222126	0	0	0	0.00181998348549985	0.0377538977948158	0	0.0894225643806913	0	0	0.0177102417298421	0.120127310028258	0	0	0	0.464905287716944	0.00262161506969513	0.000745620954704983	9999	0.291424076719785	1.02234437467042
TCGA-EX-A69L-01	0	0.0196095364230318	0.100129203792285	0	0.12362981433124	0.0262434482763516	0	0	0.0140378540281354	0.0621437253015961	0.0154368773056417	0	0.025549178003231	0.0970417853857428	0	0.0169091658645225	0	0.0190261154808156	0	0.480243295807406	0	0	9999	0.011682252451027	1.17633563994145
TCGA-EX-A69M-01	0.014947321234027	0	0.0639934218299284	0	0	0.166619231231523	0	0.00588200191028398	0.00302331373803263	0.102334055645839	0	0.0309696937427853	0	0.0161974050980965	0	0.099200951738746	0	0	0	0.483541192962941	0.0132914108677967	0	9999	0.00882227176075564	1.18505966925078
TCGA-EX-A8YF-01	0	0.06026599570908	0.0354492806775213	0	0.0113376559350062	0	0.145679611765842	0	0	0.0412987442043095	0	0.0640548546415866	0	0	0.00430502083350298	0.0870594189714333	0	0	0	0.542624985247114	0	0.00792443201460388	9999	-0.00283788048728698	1.23489280148823
TCGA-FU-A23K-01	0.0154602302184505	0	0.0045536784306188	0	0.0537917014454001	0.119094296377116	0	0	0.0334086633406279	0.0558881793610205	0	0.023523513256087	0.00548722665391488	0	0	0.0304437921893272	0	0.0230196194459748	0	0.635329099281462	0	0	9999	0.00893568757852632	1.264937363958
TCGA-FU-A23L-01	0.0547693189442807	0	0.263814924194608	0	0.070719307902928	0.119331660814996	0	0	0.0139187978960019	0.0516311526963642	0	0	0	0.0278045372862416	0	0.0315166113231811	0	0.00354961196563038	0	0.362944076975768	0	0	9999	0.0229556557034595	1.16243143224582
TCGA-FU-A2QG-01	0.110146788779065	0	0.420593219850188	0	0.0701818861203571	0.0773210863675944	0.0270731692046938	0	0	0.0923291940514153	0	0	0	0.0566399511162072	0.00368499588164546	0.0649356032545405	0	0	0	0.0182380761202666	0.0588560292540266	0	9999	0.110669823415531	1.15656259314733
TCGA-FU-A3EO-01	0.138282475810306	0	0.0416472822170642	0	0.0538583250865922	0.0729617715921214	0	0.0285823794784233	0	0.0289237962819305	0	0.0650310453665478	0	0.0409745423278146	0.0385936006568769	0.273512636704407	0	6.39902761896797e-05	0	0.153640956426689	0.0639271977750369	0	9999	0.0185587511738666	1.08208370781187
TCGA-FU-A3HY-01	0.468445739533154	0	0.262846905693763	0	0.0412629944218087	0.0789721110615943	0.0214629575037689	0	0	0.0746398589220309	0	0	0	0	0.00882901422321719	0.00384621816085132	0.0154274492256397	0.0138890785607975	0.00157943989394627	0.00290442836769145	0	0.00589380443173676	9999	0.142324036057351	1.17645532747202
TCGA-FU-A3HZ-01	0.15156156499422	0	0.0194603045222654	0.00522952826696851	0	0.13840780893647	0.129355449711089	0	0	0	0	0	0.063758204446265	0	0	0.403412025378454	0	0.0731965813708834	0	0.0156185323733837	0	0	9999	0.062622750309794	1.05601930274496
TCGA-FU-A3NI-01	0.045099358811016	0	0.113474155260572	0	0.0953266804719271	0.159043583668691	0.122736205051659	0	0	0.057176331404645	0.0568484732869652	0	0	0.0304096606696583	0	0.0693307834863975	0	0.0359171080506179	0	0.214637659837851	0	0	9999	0.0444092350250913	1.07989700892864
TCGA-FU-A3TQ-01	0.0135309118767111	0	0.0665726195659	0	0.344245266728047	0	0	0	0.0085049309272435	0.232408776837874	0	0.0362906711866595	0	0.0898086543995932	0.00160934672452072	0.00851798072473344	0	0	0	0.198510841028718	0	0	9999	0.0433681564886163	1.10677582974924
TCGA-FU-A3TX-01	0.0850742999813682	0	0.0901258180070329	0	0.107104091103447	0.158170257276705	0.0365395409928097	0	0.00410447205979825	0.157212935676733	0	0.0229678524011924	0	0	0	0.184117459554535	0	0.0357705575884174	0	0.0775652576211241	0.0330719381755173	0.00817551956131973	9999	0.0148682449045221	1.08096846999668
TCGA-FU-A3WB-01	0.212521485022738	0	0.17190342813384	0	0.0251582536674247	0.0676528251083713	0	0	0	0.0062814020040614	0	0.0457661200136561	0	0.00700955424501782	0.041409320439385	0.124582325349273	0	0	0	0.242441316353127	0.0488818194199084	0.0063921502431978	9999	0.00162734852896355	1.13999322755347
TCGA-FU-A3YQ-01	0.144521133122724	0	0.0664611235008448	0	0	0.011871700221106	0.0105547232531284	0	0.0436889035324123	0.0653003840015119	0	0.0250158128746418	0	0	0	0.0165592193883038	0	7.06836080414696e-05	0	0.59579011000652	0.0201662064907658	0	9999	-0.00354484256873612	1.25739587961698
TCGA-FU-A40J-01	0.378813474232747	0	0.0316897723881376	0.0301407262737849	0	0.0867866906295734	0	0.00475707847323958	0	0	0	0.0456779243580788	0	0.0302739644857865	0	0.20915779706638	0	0.0358179747350364	0	0.144961049845426	0.00192354751180919	0	9999	0.000782884012913724	1.12612220044637
TCGA-FU-A57G-01	0.0582133839864715	0	0.107610026754144	0	0.17494941076196	0.168195012298185	0.0135149476098368	0	0	0.143937654491927	0	0.0446333388240896	0	0.0384822002110831	0	0.14080126448361	0	0.0569237416942082	0.0527390188844838	0	0	0	9999	0.00768218920011912	1.08998462647718
TCGA-FU-A5XV-01	0.184236292110623	0	0.253919442582634	0	0.104365242365397	0.150005371745415	0.0196474906606174	0	0	0.117456057487849	0	0	0	0	0.0238655179697904	0.00514874330925333	0	0.011588489300632	0	0.12976735246779	0	0	9999	0.0265608326377434	1.14605742702929
TCGA-FU-A770-01	0.264647807770411	0	0	0	0.00218411317560991	0.216793921170489	0	0.0273029524213135	0	0.104124668719508	0	0.0452986772956431	0.0296142392483072	0.144512042768875	0	0.0527979679704296	0	0.0418448187112895	0.0708787907481245	0	0	0	9999	0.00155169045898567	1.09383409965541
TCGA-GH-A9DA-01	0.12017078440783	0	0.199515937968221	0	0.139828317167343	0.185196905658864	0.0469200828612607	0	0.0111703164408393	0.127937891215962	0	0	0	0	0.0210472422231474	0.00722867869224021	0.0159055747896954	0	0	0.114700545071316	0.0103777235032811	0	9999	0.0620687837867818	1.09868735119306
TCGA-HG-A2PA-01	0.0961995741406289	0	0.0826709381303832	0	0	0.111382653479486	0	0	0	0.101697400003635	0	0.124547215534089	0	0.0206341347459653	0.000358903625403593	0.0274940117048381	0	0	0	0.422135090598322	0.0128800780372479	0	9999	0.00197611109265643	1.19307748993553
TCGA-HM-A3JJ-01	0.0845739001197592	0	0.217151027630886	0	0.222491279425895	0	0	0	0.00932330133161081	0.0691285626441317	0	0.0189679207421144	0	0	0.010572349132514	0.0292363348935423	0	0.00958241843712021	0	0.328972905642425	0	0	9999	0.0276074144843323	1.14214740990542
TCGA-HM-A3JK-01	0.0781332269716652	0	0.0974387610654718	0	0.0400202726203937	0.0753522758304049	0	0.0110845722046489	0	0.0433340573695595	0	0.0535940320654428	0	0	0	0.055544916448612	0.0140845465368717	0.0044685097335337	0	0.501010129219828	0.025934699933568	0	9999	0.0044431322316175	1.20013403724244
TCGA-HM-A4S6-01	0.123722082126523	0.0577876489028991	0.136251254185685	0	0.110363619586928	0	0.228479130265419	0	0	0.0361589043165607	0.0730424897924995	0	0	0.132183805924039	0.00600535869232137	0.0177133567820366	0	0	0.0419544431432517	0.0177358783958407	0.0186020278859967	0	9999	0.0372674879793665	1.07959461114548
TCGA-HM-A6W2-01	0.198925346663069	0	0.0219290195188761	0	0.0373895854600332	0.0788984662090689	0	0.0108145542316632	0	0.0273855288907912	0	0.0719877445793028	0	0	0	0.161141202697997	0	0.023028687360251	0	0.35529288618078	0.0132069782081679	0	9999	-0.00340671717008485	1.14664047241505
TCGA-IR-A3L7-01	0.25686084014914	0	0.227547557751183	0	0.128136012744755	0.0380896985217462	0.036640264294329	0	0	0.0851224705685698	0	0	0	0	0.0243327162264125	0.0918052220670085	0.0644211527383073	0	0.00603232999261994	0.0044652426012791	0.0349899983458335	0.0015564939988162	9999	0.157636764899087	1.07005125263858
TCGA-IR-A3LA-01	0.173550956761362	0	0.0983883043714178	0	0.10668746654932	0.24044852974041	0.00489673818151693	0.01919500786196	0	0.0947419924016499	0	0	0	0	0	0.139375831814196	0	0.0141662965744505	0	0.108548875743718	0	0	9999	0.0345532947571684	1.08913546908523
TCGA-IR-A3LB-01	0.14196033437167	0	0.0895527878496998	0	0.0996724844363219	0.198149755729481	0	0.00118193811337537	0	0.155402557031519	0	0.0175582208675178	0	0	0	0.119391875426142	0	0.0837026805622449	0	0.0826820617251897	0.0107453038868383	0	9999	0.0403375072673225	1.07985944361556
TCGA-IR-A3LC-01	0.132296286694261	0	0.181666812926765	0	0.21568941823924	0	0.0398179673395482	0	0	0.0939804999610277	0.0179607486561977	0	0	0.0418533623528868	0.00379325569011056	0.201701456053046	0	0.017036402570751	0	0.0542037895161668	0	0	9999	0.0114289569613724	1.09910452380545
TCGA-IR-A3LF-01	0.0307828028529312	0	0.0500253925330959	0	0.112608038605277	0.19850014594709	0.0207941154506376	0	0.00521637198514748	0.203413358236986	0	0	0	0.00637098703700493	0	0.146011348829941	0	0.0458346424348507	0	0.0831927384026138	0.0763740809399028	0.020875976744521	9999	0.0319740594044518	1.07656143030092
TCGA-IR-A3LH-01	0	0.102524152363327	0.0916339706640584	0	0.0552739527323056	0.0608037976738083	0	0	0	0.0353542434277582	0	0.0127574136591575	0	0.0207521401046282	0	0.0925703919361281	0	0.0138869735470398	0	0.510930282992412	0.00351268089937684	0	9999	0.00285994079384572	1.19703445386509
TCGA-IR-A3LI-01	0.185327267756768	0	0.250488161794475	0	0.149269179617009	0.0262809280902585	0.033164489161671	0	0	0	0.027243583014396	0	0	0.00784891239348832	0.0184843987494533	0.130607681761089	0	0.0042961625601285	0.132788398712188	0	0.0155416919810333	0.0186591444080425	9999	0.00960233837149383	1.13264088407943
TCGA-IR-A3LK-01	0	0	0.200534272715732	0	0.231175880965983	0.139174400115407	0	0.00382855357928242	0	0.193650220817929	0.0163730695488494	0	0	0.015183390144882	0.0349034119826075	0.0119874041407621	0	0	0	0.153189395988565	0	0	9999	0.0524289176282702	1.10378627049479
TCGA-IR-A3LL-01	0	0.0986371029762091	0.102179246865757	0	0	0.229712482315299	0.0642502450143809	0	0.0103829391111291	0.0190226506292879	0.0677500021975184	0	0	0.0158760057956187	0.00277184589098442	0.114502027481779	0	0	0.0254074868320172	0.0937792503761374	0.155728714513882	0	9999	0.0568955112536733	1.05833952300972
TCGA-JW-A5VG-01	0.078426944517141	0	0.228948799240933	0	0.166958146972953	0.0727530653362754	0.0767718691378939	0	0.0123747011982185	0.131236473617084	0.00304156738677685	0	0	0.0130250987378035	0.0139423510110389	0	0	0	0	0.202520982843882	0	0	9999	0.0441214002581679	1.11413673939869
TCGA-JW-A5VH-01	0.425402330755633	0	0.00665639233862668	0	0	0.0649221111057139	0	0.0607548324554814	0	0.000402802836897588	0	0.0601466882468452	0.0860536511964698	0	0.00218865960357616	0.0513901333451055	0	0.150853870194993	0.0912285279206583	0	0	0	9999	-0.00285166019374687	1.12648423862866
TCGA-JW-A5VI-01	0.122674599003473	0	0.130458637692675	0	0.132041749019756	0.0573231072458572	0	0	0.00751460485603036	0.0966184326648513	0	0.0071039069705279	0	0.0388172371830178	0	0.0289240828742089	0	0.0156751222812738	0	0.362848520208329	0	0	9999	0.0163159693635696	1.13881277139542
TCGA-JW-A5VJ-01	0.0175353976370139	0	0.146160956327541	0	0.192670099145779	0.145480887305821	0	0	0	0.164406083446208	0	0.0122165710740566	0	0	0	0.0288625511401437	0	0.00885803218652932	0	0.259001262369628	0.0248081593672794	0	9999	0.0423261841558823	1.10687339126486
TCGA-JW-A5VK-01	0.0462234125269493	0	0.0897673752056012	0	0.0971797650130396	0.133654029569177	0	0	0	0.0609661013646216	0	0.0536133555749595	0	0	0.00366794239518075	0.0320641936001818	0	0	0	0.374971281457446	0.102275486262931	0.00561705702991228	9999	0.0176601090010209	1.14005273881785
TCGA-JW-A5VL-01	0	0	0.234164265207156	0	0.190380076349019	0.00646737446817829	0.00234608710932661	0	0	0.106534510400018	0.143962133517858	0	0	0.0954527789717456	0.0100698211986242	0.0516413853167435	8.61889667103658e-05	0	0	0.157055244644447	0	0.00184013385017371	9999	0.0810537340378986	1.08687292517182
TCGA-JW-A69B-01	0.105734023907852	0	0.0310537680662315	0	0.0125021052406886	0.19465717895308	0	0	0	0.0665888691462113	0	0.0562419773601919	0	0	0.0267948778770288	0.113702985850867	0	0	0	0.338476101640383	0.0542481119574652	0	9999	0.00562636008185719	1.1303247492827
TCGA-JW-A852-01	0.0647196705248062	0	0.188984785836959	0	0.0887347666157003	0.0844691925365199	0	0	0.0274889765109718	0.135890644122378	0	0	0	0	0.00244723057136821	0.0585170690276995	0.0416936416101661	0	0	0.274063177129034	0.0307942866115481	0.00219655890284867	9999	0.0258277119265401	1.1129595822903
TCGA-JW-AAVH-01	0.156182892139117	0	0.298289313472733	0	0.175994617306751	0	0	0	0	0.0172433311667204	0.106859447296219	0	0	0.0250597003929346	0	0.00386625050675123	0	0.0208605364225716	0	0.116279844943107	0.0793640663530942	0	9999	0.0538967068643099	1.1377342998593
TCGA-JX-A3PZ-01	0.00495754080290667	0	0.141762611955634	0	0.285867947457092	0	0.208538177187419	0	0	0.128504301970127	0.0109602633657204	0	0	0	0.0318535179506164	0.0301917817784191	0	0.0644332946961028	0	0.0895526105730184	0	0.00337795226294468	9999	0.0144621479074971	1.09271869164571
TCGA-JX-A3Q0-01	0.0295716551032913	0.0232018083683997	0.187135827567756	0	0.077777889887666	0.112874059250589	0.114359466387048	0	0	0.00924095173892164	0.058570032877085	0	0	0.00798171578628316	0	0.0711474098757252	0	0	0	0.261569863982108	0.0465693191751274	0	9999	0.0393482342766494	1.10070616492656
TCGA-JX-A3Q8-01	0.258618318015932	0	0.0478798769758109	0	0.0607307206493405	0.139896197495784	0	0	0	0.0218322739478924	0	0.0878479916388811	0	0.0566096485304781	0.00730161833461584	0.151258262106457	0	0	0	0.0951632728534921	0.0728618194513163	0	9999	0.0113921559694794	1.09658535282021
TCGA-JX-A5QV-01	0.0839598427391392	0	0.221470438662625	0	0.174716205757457	0.0123872321261845	0.0120283158351834	0	0	0.0745946147236661	0.0223153913816185	0	0	0.0243760984905604	0.0394538324177296	0.0646170442575827	0	0	0	0.160734816010173	0.109346167598081	0	9999	0.0282663247530946	1.10270371797358
TCGA-LP-A4AU-01	0.147869066664252	0	0.0931925708554791	0	0.0541852539929902	0.05087980175154	0.0633797833151179	0	0	0.0684811609389079	0	0.0255059794566811	0	0	0	0.0435196457084595	0	0.0304754058571982	0	0.422511331459374	0	0	9999	0.00552114112548508	1.16530078517741
TCGA-LP-A4AV-01	0.00942072663919859	0	0.05248509510455	0	0.147187571662311	0	0	0	0.0136547649535314	0.0534792713369751	0	0.0562626452783169	0	0	0	0.0254028971660453	0.00520650734045171	0.0100750171835294	0	0.599614171254745	0.0272113320803458	0	9999	0.00967939460660348	1.24967595132323
TCGA-LP-A4AW-01	0.108965782988774	0	0.145372770993714	0	0.190394636706549	0	0	0	0	0.0566414904015809	0	0.0710768870640089	0	0	0	0.0628014186476629	0	0.0131249569592821	0	0.340449920225688	0	0.0111721360127402	9999	0.0167789456888059	1.14085969731969
TCGA-LP-A4AX-01	0	0.0689396896503675	0.0463552106115456	0	0.145412207273608	0	0	0	0.0199442597293782	0.0607173276560074	0	0.0320984176586621	0.0504194837433573	0	0	0	0	0.0130790077559137	0	0.563034395921161	0	0	9999	0.00889390027920043	1.22061608626419
TCGA-LP-A5U2-01	0.06924720486088	0	0.124879234998319	0	0.0597649622769207	0.18746222853261	0.0257452755261304	0	0.038255134808822	0.0969212607969563	0	0	0	0	0	0.133729315497748	0	0.00379193818267712	0	0.260132967412707	7.04771062299051e-05	0	9999	0.019565688292945	1.10167801589651
TCGA-LP-A5U3-01	0.084773381092225	0	0.242840451625253	0	0.279657330923149	0.0410071549427347	0.0629735921260521	0	0	0.182900805611448	0.0119787441048018	0	0	0	0.00241979968440404	0.00182227108807858	0.00640789490955601	0.0134787595641856	0	0.0697398143281126	0	0	9999	0.0288044036907939	1.13086196874537
TCGA-LP-A7HU-01	0.130405344711488	0	0.0202696822922324	0	0.0278118115795234	0.161718014535857	0.0154089576042398	0	0.029226736485648	0.115685563093866	0	0.000815152727703155	0	0.0388680314413058	0	0.140857956159824	0	0.0079227857924064	0	0.281620111747207	0.0293898518286999	0	9999	0.0131602496441443	1.10344445451221
TCGA-MA-AA3W-01	0.0431479028765572	0.00230564646220983	0.166210466799901	0	0.114705978615816	0	0.0377613965120241	0	0	0.0474685448671592	0.0347417652654738	0	0	0.0785386241691236	0.029370484121179	0.00477768593708027	0.0228583814904927	0	0	0.322741331905542	0.0953717909774409	0	9999	0.0217299778020823	1.12133217183682
TCGA-MA-AA3X-01	0	0	0.194737841840472	0	0.236686534493242	0	0	0	0	0.069549230910672	0	0.0283540720440825	0	0	0.0382481145990333	0.186513561607926	0	0.026777759965607	0	0.219132884538965	0	0	9999	0.0429519802174611	1.09011873479102
TCGA-MA-AA3Y-01	0.0112337075890593	0	0.134651307223901	0	0.245720502005797	0	0.0586367586741436	0	0	0.0761836476755106	0.0101160089652607	0	0.052958966709189	0	0	0	0	0.00355272695370246	0	0.406946374203437	0	0	9999	0.0272291655939521	1.14161514712489
TCGA-MA-AA3Z-01	0	0	0.290072432517067	0	0.192121954702245	0.123339361402953	0.0662285631481207	0	0	0.0578231730093838	0.0500980166868544	0	0	0.0237513009220907	0.00379291985571229	0.0349062765942236	0	0	0	0.15786600116135	0	0	9999	0.110193388295398	1.08516443165058
TCGA-MA-AA41-01	0.115381920721519	0	0.297731268105551	0	0.09748858499343	0.0790989527380836	0.0166680511708097	0	0.0317361085123684	0.0784860790402217	0.0446838325854677	0	0	0.0314184604235583	0.00586950225071834	0	0.03121565177247	0	0	0.168874966873609	0	0.00134662081219409	9999	0.0586683624422279	1.13025666605741
TCGA-MA-AA42-01	0	0.0271090037512421	0.0903392677322725	0	0.126547224272972	0.0241557252725291	0	0.0168513273761716	0	0.0790306808079922	0.0274282278640687	0	0	0.0795719847428518	0	0.0655172974176402	0	0.00849035053100586	0	0.454958910231254	0	0	9999	0.0194028656506922	1.16125147222243
TCGA-MA-AA43-01	0.131926613289956	0	0.0937884003393087	0	0.107934207649551	0.0619875517767636	0	0	0.00594548774949629	0.0766913958737216	0	0.0763523210759932	0.0138797180352802	0	0	0.0270793719837679	0	0.0105438849392646	0	0.373667149484736	0.0202038978021608	0	9999	0.0122176187275806	1.15240964086528
TCGA-MU-A51Y-01	0.112844810744148	0	0.184360765542921	0	0.0279638692836435	0.0575847219768366	0	0	0.0783949126420837	0.0757692953372899	0	0.0116810907377413	0	0.0653285127036486	0	0.137652657347729	0	0	0	0.240249882268183	0	0.00816948141577557	9999	0.0329005848473338	1.10720322815065
TCGA-MU-A5YI-01	0.253058803639274	0	0.134121036134989	0	0.073644489896712	0.152569569775899	0.00297181787999944	0	0.017963570900478	0.0693999488321184	0.00842102173702136	0	0	0.0355715236420055	0	0.129584363967356	0	0.00321147229182478	0	0.11458681511881	0	0.00489556618351172	9999	0.0321750721099878	1.10432423010819
TCGA-MU-A8JM-01	0.285316836756491	0	0.18532187056771	0	0.0830439466126984	0.0923435597713327	0	0	0.000893002467879797	0.102175269465939	0	0	0.0101308727088315	0	0	0	0	0.00809888218729957	0	0.232675759461818	0	0	9999	0.0117980998523758	1.16145709843936
TCGA-MY-A5BD-01	0.18955526255069	0	0.214721962055792	0	0.285280242614164	0	0.00782254616890898	0	0	0.0308196175921614	0	0.0073779669613688	0	0	0	0.159264196453754	0	0.0071492489569496	0	0.0321601887961395	0.0624995237625331	0.00334924408753867	9999	0.0547879736389221	1.10726471213377
TCGA-MY-A5BE-01	0	0.0865334423265342	0.0503423168429862	0	0.107316497070148	0	0	0	0.0252888004970445	0.0287599930317192	0	0.0262942075301515	0	0.0453058811325163	0	0.0476755666040436	0	0.0128378067208525	0	0.569645488244004	0	0	9999	0.00931195743499464	1.22461991978388
TCGA-MY-A5BF-01	0.0140307244066247	0	0.293026455415384	0	0.146721494765225	0.0452111928367561	0.139662504077118	0	0	0.0870902826985781	0.0692998385087753	0	0	0.0130733184395301	0	0.0604421172284674	0.00311333174911948	0	0.0828193325633161	0	0.0455094073111061	0	9999	0.0921730172627088	1.08388388126484
TCGA-MY-A913-01	0.145004521009555	0	0.250913018822604	0	0.279696784019585	0	0.0371604082961339	0	0	0.0549022511672804	0	0.0253401003224027	0	0	0.0151218172995085	0.00343762973434201	0	0	0	0.188423469328588	0	0	9999	0.0369813069720508	1.13792096232178
TCGA-PN-A8MA-01	0.0484338282177151	0	0.00845119814032256	0	0.0689406392479943	0.148651656344845	0	0	0.0202373953090465	0.0740610713034312	0	0.0243939790458074	0.0308842989602361	0	0	0.0523502067210895	0	0.0184878489321319	0	0.505107877777381	0	0	9999	0.0120450771775216	1.1899918989505
TCGA-Q1-A5R1-01	0.243183995891903	0	0.0756100922512404	0	0.0602157588406592	0.0188094325947229	0.0271915356043048	0.024783615402914	0	0.0868980976428442	0	0.0474209345175817	0	0	0	0.139091269813468	0	0.0248445127593792	0	0.220006082406248	0.0319446722747351	0	9999	-0.00319696712474052	1.11828489866903
TCGA-Q1-A5R2-01	0.0453499208356907	0	0.243787474037066	0	0.087700422839697	0.0988080382268473	0	0	0	0.0445396878827206	0.017199297816222	0	0	0.00461250759341134	0	0.0712288550456071	0	0.0264736489676651	0	0.312594038286979	0.0445223200058012	0.0031837884622932	9999	0.029104713198708	1.13247695984573
TCGA-Q1-A5R3-01	0.0589610398716511	0	0.145401596412324	0	0.138036521414	0.146275379881627	0	0	0.0174820096346524	0.12481793191064	0	0.0318563516051979	0	0.0225701634490421	0.0432276944220785	0.0477201654064028	0	0	0	0.182711337981838	0.0409398080105466	0	9999	0.0477634233593251	1.08701159510394
TCGA-Q1-A6DT-01	0.265200906661457	0	0.0548508040845034	0	0.043025074798261	0.118710848060795	0.054911646213707	0	0.064554572086695	0.0397047096288263	0	0	0	0	0	0.202492079289145	0.00184833942265382	0.0398581318929357	0	0.102903195702767	0.0119396921582539	0	9999	0.00526385959997048	1.09378754609978
TCGA-Q1-A6DV-01	0.264221049288589	0	0.135720795556976	0	0.0252473507218678	0.115422592122704	0	0	0	0.0787943897913198	0	0.0972530893502005	0	0	0.00185645056515146	0.0398261122115753	0	0.00367421478645085	0	0.22376502068223	0.0142189349229352	0	9999	-0.00141423337690203	1.15498739332571
TCGA-Q1-A6DW-01	0.0423045790508896	0	0.239997542715003	0	0.144319882708485	0.0476471107811809	0	0	0	0.166890571301948	0	0.0677998361832191	0	0	0.00192859256485128	0.0658488307241462	0	0	0	0.171375609280151	0.0518874446901259	0	9999	0.0217795573716371	1.12591621033288
TCGA-Q1-A73O-01	0	0	0.169647584644421	0	0.296011910188583	0	0.00210968204089076	0	0	0.0541996404654744	0	0.0419247984820189	0	0.0491387089946439	0.0183623497436526	0.0234245175134612	0	0	0	0.345180807926854	0	0	9999	0.0284111625538571	1.13192699224428
TCGA-Q1-A73P-01	0.237054511018041	0	0.107709689752032	0	0.0459078061422883	0.0583775764599089	0	0	0.00676460173489565	0.0931742221803125	0	0.0400137459191342	0	0.0462787409223252	0.0220496443722682	0.133155199073406	0	0	0	0.183073996808945	0.0264402656164429	0	9999	0.00785707507561669	1.11259540687187
TCGA-Q1-A73Q-01	0	0.0367684883043169	0.0716114355759237	0	0.227402372213026	0	0	0	0.00248185518016481	0.0827706854585898	0	0.0636185368575975	0.0325092783297096	0	0	0.0174695552551996	0	0.0149972905384044	0	0.388321163479167	0.0620493388079011	0	9999	0.0190900313356828	1.14427387670801
TCGA-Q1-A73R-01	0.205028143488766	0	0.000973637964841406	0	0.0366305683331952	0.0939884299420359	0.134246378761077	0	0	0	0	0	0	0	0	0.237111885612767	0	0.0733562142563031	0	0.0112402198426458	0.207424521798369	0	9999	0.0354381838188732	1.06396809263837
TCGA-Q1-A73S-01	0.111765512863753	0	0.0965493546140581	0	0.227898558148076	0.0928102613558087	0	0	0	0.130638386080358	0	0.0867570064994484	0	0	0.0499750692176565	0.0620734050673256	0.04512239120656	0	0.0224520973366093	0	0.0739579576103469	0	9999	0.030934258693158	1.089635837789
TCGA-R2-A69V-01	0	0.09885813984631	0.0876234570062705	0	0.103150851099406	0.0755518957095375	0	0	0	0.0332256018385444	0	0.028437606115413	0	0.112160106067388	0	0.0711833578950182	0	0.00654136735856438	0	0.342048195601596	0.0360960334787248	0.00512338798322747	9999	0.0178539102568865	1.12278733510991
TCGA-RA-A741-01	0	0.0382074305172621	0.0491207474283312	0	0.0621219029033868	0.0610907488230817	0	0.0221824830471236	0	0.0422064299736557	0	0.036757960399664	0	0.0527701136548614	0.00961659164980723	0.0752974942926682	0	0	0	0.539850487106715	0.0107776102034433	0	9999	0.00460587561742874	1.21442187112194
TCGA-UC-A7PD-01	0.187225436405211	0	0.195395863602854	0	0.105002772662232	0.0757729920837395	0	0	0	0.0929723643393867	0	0.091663843344601	0	0	0.00437248778585607	0.00326920012907077	0.0134425832043659	0	0	0.192323599689879	0.0385588567528045	0	9999	0.0189181148477334	1.14163928103938
TCGA-UC-A7PF-01	0	0	0.0954513353392561	0	0.0637791762948394	0.0982654659635617	0	0	0.0333258549504947	0.0736335340434167	0	0	0	0.0602791797742658	0	0.0416481195375909	0	0.0271969781899736	0	0.506420355906601	0	0	9999	0.00963976063430883	1.18837845907319
TCGA-UC-A7PG-01	0.139703377774969	0	0.274988710094238	0	0.200903183342367	0.0487576956711703	6.02083541745382e-05	0	0	0.106088013472456	0	0.00388986570136428	0	0.0207343625763639	0.0364278907599211	0.00792271181973677	0	0	0	0.160523980433239	0	0	9999	0.0415605142890009	1.13782696664882
TCGA-UC-A7PI-01	0.241071424430852	0	0.0623057626945769	0	0.095744119365093	0.172816334566137	0.0518085425818009	0	0	0.0777731437276961	0	0.0801908387016951	0	0	0.0144438976955482	0.117450245727138	0	0.0278646666504975	0.0243005321122286	0	0.0271347415734656	0.00709575017327147	9999	0.0240592889998321	1.09508197346902
TCGA-VS-A8EB-01	0.0544436577874578	0	0.387507381521419	0	0.210369323433425	0	0.0872726269388323	0	0.00368423671497312	0.0671439432412178	0.0296229121431574	0	0.023314213049518	0	0.0362856114436103	0	0	0.00990192941680028	0	0.0904541643095897	0	0	9999	0.21596349746751	1.06714685361451
TCGA-VS-A8EC-01	0.121144896245328	0	0.0530440913020914	0	0.131948870301461	0.126724223118216	0	0.0610115446358792	0	0.120917711913726	0	0.0777183577487379	0	0	0.0226200634386457	0.0883670549302296	0.031300435173921	0.00595906274997497	0.0130242028690495	0	0.122722615871657	0.0234968697010828	9999	0.00217515213590605	1.09332554926607
TCGA-VS-A8EG-01	0.0749365993032302	0	0.234678017126365	0	0.0832895557795779	0.179354722992355	0	0	0	0.123471469126056	0	0.0331680023653805	0	0.0312846743042176	0	0.0487029224646321	0	0	0	0.162729915260369	0.0170075947442772	0.0113765265335388	9999	0.0293071500444973	1.11684129711765
TCGA-VS-A8EH-01	0.0897433809549963	0	0.137632717885933	0	0.273868658109952	0.0269438396271428	0.047770667133563	0	0	0.141043248994711	0	0	0	0	0.0257886695168233	0.0995871565833693	0.00990072599199554	0.04955685487953	0.0269407132612618	0	0.0387602466383001	0.0324631204224218	9999	0.044518975306776	1.07439191603284
TCGA-VS-A8EI-01	0.115608465824513	0	0.220126292903682	0	0.105468168472741	0	0	0	0.00866089929615947	0.0486975885428462	0	0.0445585905215313	0	0.0207298362064604	0	0.0314002902609682	0	0.0185393153748355	0	0.37611467675554	0	0.0100958758407235	9999	0.00915249041094532	1.17438129979433
TCGA-VS-A8EJ-01	0.240153289095649	0	0.130620300162229	0	0.0216104564604733	0.12639180467504	0	0.00653316550608165	0.000348793568705324	0.057130837561907	0	0.0676550496145744	0	0.00731775141947869	0.00284303405835714	0.0381985775015138	0	0	0	0.246776349863851	0.0544205905121406	0	9999	0.0105543570181889	1.13787488072302
TCGA-VS-A8EK-01	0.07574512210142	0	0.10242739399867	0	0.101069679042605	0.123339900801484	0	0	0	0.123973275025538	0	0.0719106086100987	0	0	0.0202742292574235	0.00468913760921095	0.00687464405815389	0	0	0.290691576480289	0.0790044330151062	0	9999	0.0200510125960313	1.12482428216051
TCGA-VS-A8EL-01	0.125541134409738	0	0.101373982007561	0	0.108680748642574	0.0391383389215057	0	0	0	0.0714895275343858	0	0.00993946932241932	0	0.0893585711220564	0.0125633198265075	0.0430556890684938	0	0	0	0.319850049657712	0.0790091694870456	0	9999	0.00698107348410402	1.12445326093998
TCGA-VS-A8Q8-01	0.166336124050628	0	0.0923997193096361	0	0.0476785311466842	0.00225034453699928	0.0216372445921856	0	0.0682871001704523	0.0623176844700467	0	0	0	0.109554414237321	0	0.0571711885166662	0	0.00781821523442235	0	0.281434244087269	0.083115189647689	0	9999	0.0190793919033804	1.11038993767484
TCGA-VS-A8Q9-01	0.0852891261455548	0	0.17688227418427	0	0.163125131648855	0.205073628663646	0.0402043156606515	0	0	0.0715585404254663	0	0	0	0.04473515428509	0.0177023743783839	0.0415742041478165	0	0	0	0.138810099401701	0	0.0150451510585649	9999	0.0454121489258921	1.09105470102155
TCGA-VS-A8QA-01	0.0915153747916365	0	0.207040148955059	0	0.0173393027599427	0.142003330926179	0.110154771914139	0	0	0	0.0751348380356548	0	0	0.0556417467809524	0	0.0828211087285113	0	0.0159096366335056	0	0.15304975437392	0	0.0493899861005001	9999	0.0935929809028487	1.06588114804808
TCGA-VS-A8QC-01	0.122249624644183	0	0.133552846990315	0	0.0691665041958542	0.123788844194876	0	0	0.00365648157302546	0.0759446676694195	0	0.00887317963969139	0	0	0.00604347815752372	0.0706130921985847	0	0	0	0.350385743368701	0.0357255373678256	0	9999	0.0140485457037662	1.13461880937713
TCGA-VS-A8QF-01	0.0446725302879259	0	0.0465203934515062	0	0.111523860770021	0.097942860244337	0	0	0.00663490551942307	0.0760184508081998	0	0.0355476054223408	0.00949104930734626	0	0	0.0338602791754435	0.00237225825564852	0.00775766950400911	0	0.4959546915244	0.0317034457293991	0	9999	0.0128843621092282	1.18768263360978
TCGA-VS-A8QH-01	0	0.0250762817745457	0.00586388782173343	0	0.198301939306755	0	0.14920518851917	0.0565439000424715	0	0	0.07838098144946	0	0.0556316225174937	0	0	0.0420501838792702	0	0.114435333278465	0.274510681410635	0	0	0	9999	-0.0106468827387379	1.08491995331371
TCGA-VS-A8QM-01	0.0411714823894799	0	0.130895661121741	0	0.0708325250372751	0.0620687600289992	0	0	0.0107201597608476	0.0694385310852051	0	0.0402022191634945	0	0.0694013282334679	0	0.0907192980701274	0	0.00381557981514717	0	0.405188820946204	0.00554563434801135	0	9999	0.0113501642689558	1.15435773807871
TCGA-VS-A94W-01	0.112576907396276	0	0.209886885279506	0	0.00990678813593717	0	0	0	0.144114630390595	0.0414422263788295	0.0369875498459596	0	0	0	0	0.145670796981852	0	0.00449986817079361	0	0.252011486188056	0.0429028612321953	0	9999	-0.000495396722398773	1.13241530996289
TCGA-VS-A94X-01	0	0	0.248047640054152	0	0.414915166524753	0	0.0125488463790092	0	0.0105483661675434	0.0562316109966839	0	0.0576024246280149	0	0	0.00749019544486805	0.0247984563910556	0	0	0	0.0997634788878047	0.056716950300573	0.0113368642255431	9999	0.069000521913833	1.10196787993947
TCGA-VS-A94Y-01	0.0637674155753115	0	0.118535305989512	0	0.0805151715875386	0.176222278707863	0.0863789187412757	0	0	0.1615902662344	0	0.100105500560624	0	0	0.044474311051836	0.00691803130119337	0	0.0211426300242381	0.114145464450477	0	0.0262047057757305	0	9999	0.105599934022453	1.06431039193389
TCGA-VS-A94Z-01	0	0.0539773354417252	0.0685665619168861	0	0.0329065146871723	0.034002180525661	0	0	0.0400515995734065	0.0152391942683224	0	0.0271389355619831	0.023315760148084	0.0154093259674042	0	0.0034606134191233	0	0.0185326007887884	0	0.667399377701444	0	0	9999	-0.00043976182781887	1.28879472652039
TCGA-VS-A950-01	0.00377574724191408	0	0.0879084809551241	0	0.264117787800477	0	0	0	0.0141548684799656	0.161425145489774	0	0.110071111237199	0	0	0	0.00017733031843861	0	0.0177396582633571	0	0.34062987021375	0	0	9999	0.0593438618671139	1.13718718485051
TCGA-VS-A952-01	0.188554470246369	0	0.00943667951972753	0	0.102362152101739	0.0443079671062933	0.03182130746655	0	0	0.157110101578819	0	0.114109048579735	0	0.0343797846362503	0.000615202613299964	0.0487362647522412	0	0	0	0.20942320500109	0.0591438163978853	0	9999	0.00348225393078143	1.12769415560264
TCGA-VS-A953-01	0.16602831835273	0	0.295804504251186	0	0.0837892554727056	0.0615349776469587	0.0674107184940658	0	0.0172538993266722	0.0631926838222778	0.0510171183345801	0	0	0.0238117906086418	0	0.0500221811936274	0.0415977734321504	0.0325958316373986	0.00134771691167159	0.0445932305153336	0	0	9999	0.0901753289608795	1.11276278313933
TCGA-VS-A954-01	0.0480212974500264	0	0.207772612971331	0	0.0657794535752731	0.112455085875959	0	0	0.0240355324088499	0.0991311046319531	0	0.0446576847668917	0	0.000871295135292889	0.0105593408773582	0.0846870813355407	0	0	0	0.299218045213441	0.00281146575808347	0	9999	0.0166660323746026	1.13424878488036
TCGA-VS-A957-01	0	0	0.245191471164308	0	0.254283289325722	0.0901986588903588	0.0173303126489635	0	0.0110903683206816	0.277882727390237	0	0.0307828824429761	0	0	0.0114363397825873	0.00721929108395794	0	0	0	0.023711272584723	0.0308733863654853	0	9999	0.0755548581150594	1.11832974315603
TCGA-VS-A958-01	0	0.101008846055197	0	0	0	0.147934057129449	0	0.03863541059015	0	0.0674203587201807	0	0.031560448387503	0	0.0979029259622357	0	0	0	0	0	0.477853549285833	0.037684403869452	0	9999	0.00374709313699933	1.18723756025789
TCGA-VS-A959-01	0.0695890270092773	0	0.119116605630354	0	0.0268827802616557	0.0682570147444094	0	0	0	0.0224021981726368	0	0.0646981608606747	0	0.0131486252472077	0	0.0834399669515137	0	0.00660844701620683	0	0.501050072836764	0.0248071012692996	0	9999	0.000254186391510411	1.20789851154399
TCGA-VS-A9U5-01	0	0.0130229038296669	0.0563394011325966	0	0.125928450867359	0.087103427911875	0	0.00283727766662379	0	0.118611070037839	0	0.0578640847518163	0	0.0616818804405108	0	0.0367722598618201	0	0.0143042266233826	0	0.42553501687651	0	0	9999	0.0177530114203041	1.16340269386782
TCGA-VS-A9U6-01	0.109526745398314	0	0.146044415829745	0	0.0713816401971636	0.0950165310922235	0	0.0161287214156273	0	0.082222975442784	0	0.0081099261166218	0	0.0175316337555077	0	0.0949589786345091	0	0.0375283255888011	0	0.271516539155995	0.0500335673727078	0	9999	0.0129781774814141	1.11049333427201
TCGA-VS-A9U7-01	0.00360949222164492	0	0.127874509933493	0	0.103191536200356	0.0466969293993175	0	0	0.00582753436156599	0.061277328660904	0.00287609747183561	0.00750174520611085	0	0.00119766682230722	0	0.0498880500986941	0	0	0	0.523544222545557	0.066514887078213	0	9999	0.0211257952154679	1.19483511071384
TCGA-VS-A9UB-01	0.137522619377878	0	0.23949873680393	0	0.095171904160135	0.0171225784113385	0.207579367564997	0	0	0.01188685484904	0.0611830439509686	0	0	0.0781391682491977	0	0.0701424535918771	0	0	0.00622598963998012	0.047539102204874	0.0279881811957836	0	9999	0.0990927861327725	1.07638015360762
TCGA-VS-A9UC-01	0.0903963826391217	0.0254855847527067	0.0731791119966329	0	0.0894652630760362	0	0.00539924519930044	0.0619169609576259	0	0.00335094485697737	0.0318668117653906	0	0	0.12795294726083	0.00202554314808125	0.119164093145376	0	0.00677345206209445	0	0.278226907319076	0.0847967518207509	0	9999	0.0079859335933854	1.10757039386091
TCGA-VS-A9UD-01	0	0.144767439591537	0.0648803137853011	0	0.0367536141426431	0.0681974389294348	0	0	0.0381003246617687	0.0226910564065134	0.000331866189629248	0	0	0.035916025734383	0	0.0900083595889612	0	0	0	0.427009448735965	0.0713441122338634	0	9999	0.00322244809949332	1.15679693089469
TCGA-VS-A9UH-01	0.00237500950263226	0	0.0423368347815473	0	0.114261390123139	0.029553802002638	0	0	0.0108049740501495	0.0403268228269855	0	0.0413462960552301	0.0506678788666125	0	0	0	0	0.00434041378710039	0	0.663986578003965	0	0	9999	0.00756496036994243	1.28493415011116
TCGA-VS-A9UI-01	0.0286975203652566	0.013694628731818	0.147684148052238	0	0.169708354386286	0.105792706258982	0	0	0.00669468492768477	0.145995722919637	0.00860674051768384	0	0	0.105430479990235	0	0.0567486962940197	0	0.00796339257359889	0	0.180631296472959	0.0223516285096014	0	9999	0.0426288640395649	1.08449663355999
TCGA-VS-A9UJ-01	0.309347847439539	0	0.0241637790430361	0	0.147426774001901	0	0.0251151006227671	0	0	0.081219648619786	0	0.133994227496307	0	0	0.0347379596535377	0.0554452881156985	0	0	0.0762117334948561	0	0.112337641512571	0	9999	-0.00199413197262612	1.11888522371461
TCGA-VS-A9UL-01	0.0520209799332991	0	0.138066185886086	0	0.0882654858139892	0.190169542701259	0	0.0299872260480865	0.022298486772613	0.0503480955142991	0.0165169485798533	0.0614123995426317	0.00720203232325415	0	0	0.0359555457058085	0.0314246495129768	0.131196184446608	0.143207637948208	0	0	0.00192859927102747	9999	0.0326918355717289	1.07718544692234
TCGA-VS-A9UM-01	0.0010298475494223	0	0.0613008309101713	0	0.0697146409921998	0.0759519746554248	0	0	0.0135696885340271	0.0941979719317262	0	0.0464230912788109	0	0	0	0.0465696309776371	0	0.00034999112683344	0	0.509794868893994	0.0810974631497526	0	9999	0.00712743944926765	1.20394740241453
TCGA-VS-A9UO-01	0.13229450977726	0	0.22372465389241	0	0.289547840321027	0.0426369093650731	0	0	0	0.0322450564058162	0	0.0613456837024685	0.00819606120972866	0	0	0.00234642383405463	0	0.00504091688749217	0	0.20262194460467	0	0	9999	0.0308097444715722	1.13585653056122
TCGA-VS-A9UP-01	0.149638728636264	0	0.0242944695778517	0.00454917878271609	0.124382140586911	0	0	0	0	0	0	0.0813267215408137	0	0	0.00591814785758344	0.107453441878705	0	0.011196419323032	0	0.37216889811512	0.10363403325794	0.0154378204430625	9999	0.00299990880569909	1.14871364428368
TCGA-VS-A9UQ-01	0.165967373910396	0	0.0705431275684505	0	0.0716387854325252	0.0896005512689452	0	0	0	0.0579435667201416	0	0.107610786486105	0	0.0205640190657005	0	0.0338005994712403	0	0.0348872128526844	0	0.323090960263018	0.0243530169607935	0	9999	0.00542025328906027	1.14442248307292
TCGA-VS-A9UR-01	0.0603237621263884	0	0.3688639085194	0	0.193558057756852	0	0.095761695022358	0	0	0.0277896639417892	0	0.0211023958247867	0	0	0.0124969512894636	0.0133737830769474	0.0570643760694062	0	0.118768866231005	0	0.0308965401416041	0	9999	0.133861621265214	1.09988855325504
TCGA-VS-A9UT-01	0	0.101027113779479	0.0137049822193019	0	0.0539040805935983	0.0940903595206034	0	0	0.0297571475997926	0.051372129914251	0	0.0523177766883474	0.00573890270362867	0	0	0.0140224754862615	0.00595875789109838	0.00564120674551063	0	0.572465066858127	0	0	9999	0.015401833842532	1.22859031181653
TCGA-VS-A9UU-01	0.0573531105879964	0	0.178733180043579	0	0.31381624896668	0	0	0	0.00298113134827608	0.0575310299379436	0	0.127677423401536	0.0230430862937606	0	0	0	0	0.017163719291565	0	0.209550028454854	0.0121510416738083	0	9999	0.0373307223970435	1.12085670488281
TCGA-VS-A9UV-01	0.0336333090887407	0	0.12470930387094	0	0.150262748698767	0.0336319117392441	0	0	0	0.0832185218008598	0	0.0413009451552229	0	0	0	0.0367527262046246	0.0392705623443633	0	0	0.450507696616015	0	0.00671227448122246	9999	0.013884430554502	1.16932779135641
TCGA-VS-A9UY-01	0.183250180337809	0	0.0953403809020136	0	0.132222523493284	0	0.0588636943057292	0	0	0.126897883191441	0.00983443064715669	0	0	0.0713767230567987	0	0.0815810582008734	0	0	0	0.181141514119987	0.0594916117449061	0	9999	0.0135586746151021	1.0946126915215
TCGA-VS-A9UZ-01	0	0.00811580601228753	0.0730259040443902	0	0.221513077710839	0	0	0	0	0.20429225955242	0	0.0669414503428142	0	0	0	0.104778208008354	0	0.00345619037659168	0	0.317877103952302	0	0	9999	0.0213237251522001	1.13434525196559
TCGA-VS-A9V0-01	0.390767176028631	0	0.0682302224250118	0	0.010693571421887	0.0634359339556471	0.00527870428289305	0.000924270615086542	0	0.0127235152572	0	0.074695332883662	0	0	0	0.235661660731897	0	0.0926286483188386	0.00237651079339123	0	0.0425844532858557	0	9999	0.0120650403168074	1.12780163566084
TCGA-VS-A9V1-01	0.121766417450371	0	0.040924885546336	0	0.0907513582965963	0.141445777379511	0	0	0	0.0320398356315812	0	0.0325549603492437	0	0.0150631263727233	0.0127084389816226	0.0735209927550482	0	0	0	0.439224207236967	0	0	9999	0.0159354176642586	1.15927969098508
TCGA-VS-A9V2-01	0.127337730119639	0	0.0858374375863843	0	0.0916353101893749	0.0788832786617858	0	0	0.05658939340891	0.110514346955868	0.00708790688840679	0	0	0.0859429141503498	0.00537743248530452	0.0825858704749604	0.00567852534681089	0	0	0.249085269360295	0.0134445843719104	0	9999	0.0232359506462436	1.09643962596463
TCGA-VS-A9V3-01	0	0	0.230246283957892	0	0.125089975159213	0	0.097084208229991	0	0	0.0242011699753371	0.120843581187482	0	0	0.0638978315840484	0	0.0391288421408451	0	0.0282932183748421	0	0.271214889390349	0	0	9999	0.0197482655598266	1.12382573853031
TCGA-VS-A9V4-01	0.0243823489516958	0	0.129275843353168	0	0.0509174247743419	0.264537183292465	0.0821158689328722	0	0	0.195434968923518	0	0	0	0	0	0.0797852343203737	0	0.0731931448111229	0	0.100357982640443	0	0	9999	0.000590591616985896	1.10118960110666
TCGA-VS-A9V5-01	0.274920419588896	0	0.0554969396137165	0	0.157791016081895	0	0	0	0.00161808922521432	0.0476090684442146	0	0.101497694959261	0	0	0	0.082087510111766	0	0.0552874362805354	0	0.165437108081817	0.0582547176126837	0	9999	0.0134246073836203	1.11247506914212
TCGA-VS-AA62-01	0	0.0347158616955589	0.0528420764489461	0	0.11817828482676	0.0449957291386667	0	0	0.0184273834632124	0.0798806661584796	0.0225133736865016	0	0.00937848576626813	0.0369947412028485	0	0.01648439887264	0	0.0244684394108696	0	0.541120559329248	0	0	9999	0.0097597965286799	1.2053151364669
TCGA-WL-A834-01	0.470906002723199	0	0.0320683435579485	0	0.117024672695087	0.126657248740382	0.00460151994287227	0	0	0.114800620441648	0	0.00461869184292184	0	0.00784269897078773	0.0234162659123294	0.064332173923412	0	0	0	0	0.0337317612494121	0	9999	0.0523487763372064	1.13698215271012
TCGA-XS-A8TJ-01	0.0112110381884088	0	0.32715495874725	0	0.222988286869336	0.0174919150839811	0.0347697554746647	0	0.00299651692978963	0.127458527989572	0	0.00676116809495164	0	0.0233686521590961	0	0.053783587839356	0	0.0467088649063705	0	0.114487462171708	0	0.0108192655455158	9999	0.0542015715991768	1.12154996747809
TCGA-ZJ-A8QO-01	0.0308022731394474	0	0.0938761624101064	0	0.0413131165429883	0.0928311901856158	0	0.0118269867676601	0.0255033076750604	0.101152488542116	0	0.0828627875755453	0.0482488936674703	0	0	0.0122542347301878	0	0.0189585252341178	0	0.440370033529684	0	0	9999	0.00666846548547309	1.17946164688023
TCGA-ZJ-A8QQ-01	0.0154324103683161	0	0.257887141290378	0	0.279885162125907	0.0916908315236773	0.0325624314414229	0	0	0.193297936887471	0	0	0	0	0	0.0100880890727304	0	0.0224927645176305	0	0.082434939631355	0.0142282931411114	0	9999	0.0680915348086535	1.10965528781725
TCGA-ZJ-A8QR-01	0.112505410812133	0	0.277751013652594	0	0.183845795138013	0.0691819200344509	0	0	0	0.131475432036062	0	0.0431469861216455	0	0	0.0129937464964335	0	0	0.00492522435496843	0	0.164174471353701	0	0	9999	0.0598782745601969	1.13265054344104
TCGA-ZJ-AAX4-01	0.0558985422017613	0	0.102148877606013	0	0.06000126406418	0.0915778828043482	0.0113757721824135	0	0.0236495355901894	0.111409198192926	0	0.0387139027255489	0	0.0789875258383736	0	0.0724557985608867	0	0.0166176407713284	0	0.315756189067997	0.0214078703940341	0	9999	0.0230336584104129	1.11581935762324
TCGA-ZJ-AAX8-01	0	0.0192205865513528	0.158579266884728	0	0.217264583389377	0.0566948343428551	0	0	0.024621987375633	0.145102026519728	0.016116584422431	0	0	0.0424694603403093	0	0.0231140458858736	0	0.0034501636620254	0	0.293366460625686	0	0	9999	0.0349919573099933	1.11353703559851
TCGA-ZJ-AAXA-01	0.0705534044251653	0	0.122696669963941	0	0.153661294050546	0.238119580132837	0.0365133491762053	0	0	0.153095078197998	0	0	0	0	0	0.0890411702825694	0.00422083161600139	0	0	0.0431435495943986	0.0889550725603381	0	9999	0.0603351434094481	1.07797845893933
TCGA-ZJ-AAXB-01	0.131814658049869	0	0.0260731781962202	0	0.194087080292389	0.0613454325716649	0.125136593575765	0	0	0.0797807518060435	0	0	0	0	0.0234017289270386	0.113427908466174	0	0	0	0.104678946368573	0.140253721746262	0	9999	0.020089238701528	1.07220961326382
TCGA-ZJ-AAXD-01	0.0450550749657464	0	0.288346438389957	0	0.299425142043168	0	0	0	0	0.0863460744333966	0	0.0477097769643478	0	0.0223510253769452	0.0050780222650476	0.041585168529438	0	0	0	0.158555469647699	0	0.00554780738425474	9999	0.0424870068121624	1.12859699784321
TCGA-ZJ-AAXF-01	0.0786345008665253	0	0.144643891339512	0	0.0756640874854277	0.0541730459399144	0	0	0.0314699411569631	0.117575275928782	0	0.0119809261553295	0	0.0137758180038953	0	0.0969341606165543	0	0	0	0.367762678484542	0.00738567402255461	0	9999	0.0119433569207194	1.14072052303232
TCGA-ZJ-AAXI-01	0.153800798371617	0	0.163565633292566	0	0.0878236536653548	0.0541001301750179	0.087602731108831	0	0	0.0700977749102205	0.055489603379642	0	0	0.0503572958716311	0.019531896469036	0.0784601520358633	0	0	0	0.161604988468606	0.00454893767914439	0.0130164045724694	9999	0.0144194820934393	1.10181533195916
TCGA-ZJ-AAXJ-01	0	0.0570567842866701	0.0854802045716563	0	0.260198029856963	0	0	0	0	0.0820992990662565	0	0.0487446107424957	0	0	0.0133358675559176	0.0432329794899604	0	0	0	0.396187606302147	0.0136646181279334	0	9999	0.0292318817045128	1.14175122756524
TCGA-ZJ-AAXN-01	0.00715288570527422	0	0.167506997081169	0	0.491867876514097	0	0	0	0	0.188557693938563	0	0.0452561669112032	0	0	0.0391555934751719	0	0	0.0389407740560164	0	0.0215620123185053	0	0	9999	-0.000885545145510221	1.14688266903929
TCGA-ZJ-AAXT-01	0.206443478738882	0	0.294912338437886	0	0.192680368645103	0	0	0	0.0158420844431187	0.0987906971650492	0	0	0	0	0	0.00437693876046945	0	0.0348535027129382	0	0.150137434647483	0	0.00196315644907059	9999	0.0279932596464082	1.17041954291369
TCGA-ZJ-AAXU-01	0.0194456287395587	0	0.105322559118659	0	0.0726473774362148	0.0307887777244996	0	0	0.0114655312139434	0.127568814458959	0	0.0171918702266589	0	0.0456474419524059	0	0.0902324810445873	0	0.00559959913611251	0	0.4623150588627	0.0117748600857004	0	9999	0.00746604567655696	1.1759628670307
TCGA-ZJ-AB0H-01	0	0.0393644027766318	0.0645205666749035	0	0.160570260481002	0	0	0	0.0146504386815599	0.0828027119038179	0	0.0586215679043829	0.00353550362420031	0	0	0.00178433541577746	0.0127189507905875	0.0126083998679187	0	0.535779363345383	0.0130434985338351	0	9999	0.0137753030256561	1.21310941230039
TCGA-ZJ-AB0I-01	0.146365057135529	0	0.369299864744331	0	0.0822286812673098	0.13306829190941	0.0580094687754045	0	0	0.09608700345431	0.0116226690927386	0	0	0.00434920062164948	0.00116838720790088	0.0469275930149391	0.00614664357255477	0	0	0.0132824258042432	0.0314447133996802	0	9999	0.093929875811901	1.15172362894766
TCGA-ZX-AA5X-01	0.0955789428230893	0	0.188612739084275	0	0.212307937900253	0.0441412624020695	0	0	0	0.135906972468425	0	0.0212077583303804	0	0.0128450032680514	0.00800108251534785	0.0158663693007284	0	0.00269700922996958	0	0.26283492267741	0	0	9999	0.0341186289562352	1.12207341901075
