Mixture	B cells naive	B cells memory	Plasma cells	T cells CD8	T cells CD4 naive	T cells CD4 memory resting	T cells CD4 memory activated	T cells follicular helper	T cells regulatory (Tregs)	T cells gamma delta	NK cells resting	NK cells activated	Monocytes	Macrophages M0	Macrophages M1	Macrophages M2	Dendritic cells resting	Dendritic cells activated	Mast cells resting	Mast cells activated	Eosinophils	Neutrophils	P-value	Correlation	RMSE
TCGA-3X-AAV9-01	0.0881050831648653	0	0.0203950316106886	0	0.0647014351582015	0.0403698944656359	0	0.00210048562945547	0	0.0508210430644844	0	0.05785708655227	0	0	0	0.0195809570948975	0	0.0107059239645874	0	0.645363059294914	0	0	9999	0.00270774280110693	1.28377434441697
TCGA-3X-AAVA-01	0.343638505790403	0	0.0248561089825557	0	0.0191367118963488	0.157559187358868	0	0	0.0524828896887974	0.111802951180311	0	0.00135065462010528	0	0.0246997610738465	0	0.0984507368533576	0	0.068485344899949	0	0.0959980358708586	0.00153911178459958	0	9999	0.00381377297197959	1.11267785317666
TCGA-3X-AAVB-01	0.207247346504905	0	0.0200655712670088	0	0.13131296154536	0.176104804011735	0	0.0241732631435623	0	0.0954925245678412	0.00325013009129268	0	0	0	0.000196563085511115	0.115987562397052	0	0.0321546725216216	0	0.155500315294908	0.0385142855692016	0	9999	0.0312605778334576	1.08447987553899
TCGA-3X-AAVC-01	0.00909901766862809	0	0.00494686855225533	0	0.196233173179152	0.0895611235363824	0	0	0.00232984609096112	0.162116846552282	0	0.0242700455869309	0	0	0.00311673383841458	0.0770640883536918	0	0.00186745898822651	0	0.391997726368519	0.0373970712845573	0	9999	0.0229642856032044	1.14896790788902
TCGA-3X-AAVE-01	0.278107152504486	0	0	0	0.082189465601618	0.0442821763749132	0.00937843490143073	0	0.0673622678913717	0.0600635715517387	0.0320199867657286	0	0	0.166195078066879	0	0.105195308066347	0	0.00980214413743209	0	0.124919130850157	0.0204852832878983	0	9999	0.00674915624121228	1.0960401370074
TCGA-4G-AAZO-01	0.141446762232027	0	0.0959323048164261	0	0.0976868494399679	0.0856333306634292	0.0141041500977962	0.00491241710637186	0	0	0.0678214336929046	0	0.126690394710001	0	0	0.0531263051131734	0	0.289095477892477	0.0235505742354255	0	0	0	9999	0.0511234297286276	1.07510338177311
TCGA-4G-AAZT-01	0.0721794223154008	0	0.0323788575905132	0	0.00467698859553729	0.036945466982261	0	0	0.0710626476164336	0	0.00626072681489843	0.00670156991298649	0	0.00940551712984621	0.0198185230196246	0.31185784116455	0	0.0463781858992967	0	0.151777434170807	0.101415303528603	0.129141515259242	9999	-0.0143745959290855	1.09898586742834
TCGA-W5-AA2G-01	0.168803942098964	0	0.0162499608630038	0	0.10482558439225	0.184169774128385	0	0.0101250246801061	0.050943222590846	0.173902749636035	0	0	0	0	0.0599156976650522	0.0783444878893406	0	0	0	0.0844048839196313	0.068314672136386	0	9999	0.00859387066137722	1.09688316396186
TCGA-W5-AA2H-01	0	0.117838420452429	0	0	0.118687095739767	0	0	0.00841947441312457	0.0417974551113546	0.0678686546107951	0	0.00916580689830043	0	0.0364576768867821	0	0.070813446496571	0	0.00399795026550292	0	0.524954019125374	0	0	9999	0.0114899567670923	1.19668798530375
TCGA-W5-AA2I-01	0.217055125505392	0	0.00443701615215273	0	0	0.188898820746542	0.00107773629635262	0.126122050134541	0	0	0.0463023104550508	0	0	0.0375768441577048	0.00342338946181165	0.15263558218391	0	0.0204200659208688	0	0	0.0931024437068641	0.108948615278809	9999	-0.0460963840753562	1.10731114286324
TCGA-W5-AA2O-01	0.144048295939922	0	0	0	0.216167767881273	0.150753537181411	0.108018817363526	0	0	0	0.0544331737887695	0	0	0	0.150259363074347	0.0835939567247282	0.024342288852161	0	0	0.0683827991938631	0	0	9999	0.0202897083448769	1.09250567291788
TCGA-W5-AA2Q-01	0.0552773271358002	0	0.0289463805440006	0	0.0355300367543199	0.180118421075873	0.0160473026062741	0.0240026076555553	0	0.144003814282256	0	0.0279083168297788	0	0	0	0.17461455501546	0	0.107021955581516	0.00549720368979964	0	0.143375065708024	0.0576570131213424	9999	-0.018324482164625	1.08685407942487
TCGA-W5-AA2R-01	0.0623279341262172	0	0.0126965936933164	0	0.0804408766379476	0.101761293074592	0	0.00888822834663729	0.0134128998319129	0.0993345780939778	0	0.0511776732085946	0	0.00501917998074961	0	0.0833880469710369	0	0.00640234125899313	0	0.470815962146376	0.00433439262964859	0	9999	0.0107757346612069	1.18293861690834
TCGA-W5-AA2T-01	0.142351374502336	0	0.0031610859188934	0	0.0668003308412352	0.00907293578398895	0	0.0980278260797847	0	0.0236581800960959	0	0.0211983115498062	0	0	0	0.167054499535121	0	0.205835536381323	0.0557735715136311	0	0.157307190804231	0.0497591569935531	9999	-0.00353311576679211	1.07850698780263
TCGA-W5-AA2U-01	0.180259759854713	0	0.0135339821489451	0	0.029734613744701	0.153802923698044	0.0407989619920987	0	0.0580050179543038	0.128934247882782	0	0	0	0	0	0.199216368670726	0	0.187690570789769	0	0.00373327987514021	0.00429027338877647	0	9999	-0.0121978380230184	1.09312485811941
TCGA-W5-AA2W-01	0.347818006063656	0	0.0229672076136719	0	0.0217002694266942	0.241436253874206	0.0228815010946732	0	0	0.0613318523573915	0	0	0.117908042013615	0	0	0	0	0.104545487159099	0	0.0594113803969929	0	0	9999	0.00205269779419882	1.11462178336968
TCGA-W5-AA2X-01	0.100535599476796	0	0.00575710366655393	0	0.0192575910241017	0.196561110905182	0	0.0742010472957565	0.000307379330842248	0.259041050078184	0	0.0391235244733518	0	0	0.0545726686830622	0.128601177335931	0	0	0	0.0551036529597039	0.0128686471872943	0.0540694475832396	9999	-0.000942250643221609	1.11195339704016
TCGA-W5-AA2Z-01	0.183840005982926	0	0.000655119082772186	0	0.110287266911821	0	0	0.144273801715736	0	0.0412796982348275	0	0.0368375642277986	0.243645425948347	0	0	0	0	0.190768233053163	0.014462806919763	0	0.0339500779228448	0	9999	0.0172958939784708	1.08191276373143
TCGA-W5-AA30-01	0.0303644559434128	0	0	0	0.0333930819187763	0.0611973464326927	0	0	0.00199644524283997	0.0254404101571917	0	0.048010054657702	0	0	0.0298439359788249	0.0635397630012311	0	0	0	0.645520593907005	0.0367501063244087	0.0239438064359146	9999	-0.00159636969020304	1.28690772583939
TCGA-W5-AA31-01	0.0296813374374804	0	0.021874026705193	0	0.191187187066252	0.294152795475918	0	0	0	0.304923567125832	0	0.0113798216656753	0	0	0.0254794904707557	0.0346771064557234	0.00965781390443137	0	0	0.066680343967013	0	0.0103065097257259	9999	0.0178499200017525	1.14206614950598
TCGA-W5-AA33-01	0.0412654312305477	0	0.00290403689010877	0	0.0306697031107909	0.187324168414678	0	0	0.0323009761318911	0.0575199580797913	0	0.111322563920333	0.102788650125288	0.0478972792503936	0	0	0	0.129832062202706	0	0.204033012875837	0.0521421577676347	0	9999	0.00907701933540545	1.10433903179214
TCGA-W5-AA34-01	0.0902633118480459	0	0.0223171809751747	0	0.239004382536555	0.159541103694499	0	0.00388988854224429	0	0	0.0150142073795274	0.00219452435124413	0.0963586158701727	0	0.25407246099122	0.0154194258147842	0.051693823748141	0	0	0.0502310742483922	0	0	9999	0.064145013303723	1.10124362317486
TCGA-W5-AA36-01	0.172628233772181	0	0.0293825755343178	0	0.117669294179694	0.22679194178581	0.0128640363940427	0	0	0.12976603074749	0	0.0113057374697849	0	0.0735327050641118	0	0.123290937069835	0	0.0670727308362873	0	0.0184454679930544	0.0172503091533908	0	9999	-0.0161094761624456	1.10010172461977
TCGA-W5-AA38-01	0.302199690860028	0	0.0267041688255899	0	0.100759230616784	0.171373974896958	0	0.00197443413348079	0	0.132572178243328	0	0	0	0	0	0.0943795203042759	0	0.0452438935388014	0	0.0314002075299984	0.0690297853599153	0.024362915690841	9999	0.0511515707098731	1.08632459899333
TCGA-W5-AA39-01	0.253685776638339	0	0.0361019121309186	0	0.0110516247837982	0.0435698897620521	0	0.0699728434828829	0	0	0	0.0379947081724466	0	0	0	0.157563702065596	0	0.196008484962445	0	0.0338482919771866	0.0749606116404551	0.0852421543838805	9999	-0.00881214553778525	1.09770958748908
TCGA-W6-AA0S-01	0.242798492564164	0	0.0275499574313848	0	0.0323363150409895	0.150826533522512	0	0	0	0	0.00200793353295054	0	0.372359736351477	0.0281900628316981	0.00974128245175369	0	0.00255952490336156	0	0	0.085327911707847	0.046302249661862	0	9999	-0.00210394309219544	1.10584967948125
TCGA-WD-A7RX-01	0.0607479509050827	0	0	0	0.0214348213248362	0.199380416965277	0	0	0.0779926865699265	0.137965751800476	0	0.00820218482462717	0.0241914494797936	0.118243100148486	0.00372916546246182	0.0770635794776804	0	0.0025321615607942	0	0.268516731480558	0	0	9999	0.0161949276836825	1.10802342173944
TCGA-YR-A95A-01	0.0805024207903895	0	0	0	0.00604149941806784	0.105901086086727	0.0655559676712445	0.00677226452726167	0.0372886365082062	0.0599373610166449	0.033546845663939	0	0.0224692312563006	0	0	0.0884540390172474	0	0.33578423963589	0	0.157746408408081	0	0	9999	0.00934717657549867	1.10374069620258
TCGA-ZD-A8I3-01	0.140484687024144	0	0.0296677058329174	0	0.216293996712643	0	0	0	0.0159497547001401	0.0611569055751299	0	0.0717267647350265	0.267450740865933	0	0	0	0	0.123473703335265	0	0.0459958714056816	0.02779986981312	0	9999	0.00227491655273358	1.08737064906673
TCGA-ZH-A8Y1-01	0.171204191359352	0	0.00858376880516446	0	0.0872985370499658	0.0849669489842054	0.0458287696247794	0.0518536198465124	0	0.0547693943856695	0	0.0159378446675488	0	0	0	0.254983325518635	0	0.105653126043572	0.0752896240578905	0	0.043630849656705	0	9999	-0.038412044460267	1.08503907145235
TCGA-ZH-A8Y2-01	0.26281237760691	0	0.0341141034983109	0	0.0860996733707948	0.117685122007193	0	0	0	0	0	0.0178588276234475	0	0	0.00250745086084382	0.14795618152215	0	0	0	0.0833495175646608	0.163206640212253	0.0844101057334359	9999	-0.0288974026816238	1.10980726453789
TCGA-ZH-A8Y4-01	0.258966656287991	0	0.0347752424203799	0	0.108623278514398	0.163809111294987	0	0	0	0.124821206381084	0	0	0.19033011273838	0	0	0	0	0.100123785972602	0	0.0118602362691755	0.00669037012100304	0	9999	0.00718065548238965	1.10175182560234
TCGA-ZH-A8Y5-01	0.232929124963027	0	0.0209645779197305	0	0.216098292502544	0	0.00458450879179119	0.0409416276551872	0	0.0703033228283954	0	0.00866025733281757	0	0	0.0286423129340262	0.126062607653585	0	0	0.0199484851657319	0	0.214151923549777	0.0167129587033867	9999	0.00361197060683631	1.09105375144651
TCGA-ZH-A8Y6-01	0.312269490112449	0	0.0321763329997358	0	0.029515628815267	0.00471971156804465	0.00461434778447962	0.121586609942831	0	0.00372508175303209	0	0.0740352913557211	0	0	0.0555910400962543	0.166630851637356	0	0.0644462009164933	0.125719888982164	0	0.00496952403617273	0	9999	-0.00972497090791356	1.10440491091244
TCGA-ZH-A8Y8-01	0	0.0185722554539204	0.011802309319235	0	0.0872684020574616	0.217519608944683	0	0	0.0300924742644948	0.0996969147500979	0	0.0211945461749571	0.351294549685539	0	0.0329093005862389	0	0	0	0	0.129649638763373	0	0	9999	0.0443163320340777	1.08384941174399
TCGA-ZU-A8S4-01	0.129011433592596	0	0.00421938409127595	0	0.11712567855517	0.0854338851968023	0.356400352755191	0	0	0.0547268978975602	0.0505840808194811	0	0.00987888323972021	0.0442577620659259	0.0116128600218251	0.0209734204677556	0.0781910008880756	0.00230237717118413	0	0	0.0352819832374375	0	9999	0.0194397951386451	1.07575533209961
