Mixture	B cells naive	B cells memory	Plasma cells	T cells CD8	T cells CD4 naive	T cells CD4 memory resting	T cells CD4 memory activated	T cells follicular helper	T cells regulatory (Tregs)	T cells gamma delta	NK cells resting	NK cells activated	Monocytes	Macrophages M0	Macrophages M1	Macrophages M2	Dendritic cells resting	Dendritic cells activated	Mast cells resting	Mast cells activated	Eosinophils	Neutrophils	P-value	Correlation	RMSE
TCGA-2J-AAB1-01	0.0945850318367805	0	0.0233703979965267	0	0.117901980709785	0.137888241445472	0	0	0.00544391181305481	0.0659110739141097	0	0.017076703335526	0	0.0140293222176789	0	0.148903648317194	0	0.0768084970640242	0	0.143247416338292	0.13991024737302	0.0149235276385366	9999	0.026460596905103	1.06971766817218
TCGA-2J-AAB4-01	0.0188824992539969	0	0.0412994889117742	0	0.235312286137696	0.12462691861965	0	0	0	0.0314638457947941	0	0.0658255328639718	0	0	0	0.23128857077234	0	0.0710924447991114	0	0.0423112217659592	0.137897191080706	0	9999	0.0294881747320892	1.07145396784484
TCGA-2J-AAB6-01	0.299432471703572	0	0.0403342101282414	0	0.294956479905229	0	0	0	0	0.157694292716842	0	0.0493815403233989	0.00746053596158316	0	0.00243519877715736	0	0.00831014915783893	0	0	0.015699075065675	0.124296046260462	0	9999	0.0345137657855725	1.11591704517882
TCGA-2J-AAB8-01	0	0.0238526319931556	0.0178657399015992	0	0.127739687940271	0.175733155451494	0	0	0	0.0317190803310762	0	0.0571416453127538	0.19869198585816	0	0	0	0	0.0547498272002983	0	0.306347215713351	0.00615903029784166	0	9999	0.0241570543408998	1.11035472922987
TCGA-2J-AAB9-01	0.267043499764697	0	0.0172174330548391	0	0.0285522023810496	0.0868238887362183	0	0.00268674911241198	0	0.0175976656703161	0	0.0958437706272782	0	0.0959236452371501	0.00851628506601221	0.0766481175795842	0	0	0	0.252285189059439	0.0508615537110042	0	9999	-0.00371282752867354	1.13089719382449
TCGA-2J-AABA-01	0.177625862866483	0	0.0256542246238289	0	0.0376666470883411	0.0964647699238713	0	0.0627782968434687	0	0.0744871051528575	0	0.103580881624641	0.0540987839566963	0	0	0.00311402782288061	0	0.0602151616190699	0	0.266096013945611	0.0382182245322502	0	9999	0.00360419196339826	1.1251214333422
TCGA-2J-AABE-01	0.169001354767854	0	0.0250078544024288	0	0.123803355825181	0.181064055883462	0	0	0	0.134286693436412	0	0.0435055523447603	0	0	0.0745890675578324	0.0754437535556145	0.0025969755294847	0	0	0.107911897440108	0.0497463095856347	0.0130431296712266	9999	0.0218661638568362	1.09163004978072
TCGA-2J-AABF-01	0.25964093533416	0	0.0381016524071962	0	0.116195532072288	0.165445496894711	0	0.0342589812093099	0	0	0	0.0951717086109799	0	0	0	0.0785483391128796	0	0.0734306271655176	0	0.138730086976399	0	0.000476640216558344	9999	0.0206428941155369	1.10393926389643
TCGA-2J-AABH-01	0.245285220027394	0	0.0272435298350669	0	0.201958387107983	0.112799660570116	0	0.00987148375935887	0	0	0	0.0947100157211746	0	0	0	0.0674860254404049	0	0.117328874530649	0	0.123316803007852	0	0	9999	0.0238808351323166	1.09957355917041
TCGA-2J-AABI-01	0.292372149603626	0	0.0209242722058761	0	0.0397401508863098	0.113561057746242	0	0	0.0351252678794742	0.121917876956635	0	0.0180676325803845	0	0.0499402628113531	0	0.0405079138373275	0	0.000142970916227033	0	0.267700444576546	0	0	9999	0.00515942847152014	1.13026492823019
TCGA-2J-AABK-01	0.150971481071691	0	0.0233852601913884	0	0.0880786444859896	0.195029684280316	0	0	0.03251816547787	0.094031828779957	0	0.0337632901546255	0	0	0.0938452889601279	0.0774778323389584	0	0	0	0.172583338497798	0.0383151857612789	0	9999	0.0197399231129209	1.09452741831238
TCGA-2J-AABO-01	0.321832333485296	0	0.0342223079304876	0	0.132557521580457	0.136482802779368	0	0	0	0.155632750918661	0	0.0142576927161106	0.0503423820299663	0	0	0.0133921087100135	0	0.0822157689866077	0	0.0536425691145974	0.0054217617484351	0	9999	0.0235366225482571	1.11202396106666
TCGA-2J-AABP-01	0	0	0.0130390973178035	0	0.244849733738856	0	0.0061048313171946	0	0	0.105877940365384	0	0.0797433402598469	0.0509853077475598	0	0	0	0.000521501009098197	0.0141273980428726	0	0.482498392480739	0.00225245772064496	0	9999	0.00560395702443214	1.20386417660122
TCGA-2J-AABR-01	0.166095630514456	0	0.0188799638383104	0	0.0714991560338571	0	0	0.144386096142113	0.0111046487670053	0.0994521692019605	0	0.0835257473726359	0	0.014917949851331	0.0474232050540712	0.0624510366820048	0	0	0	0.246438261609445	0.0338261349328097	0	9999	0.00602056916545802	1.11857112816745
TCGA-2J-AABT-01	0.0650222390870673	0	0.0180651178772135	0	0.181980389548914	0.212062923655712	0	0	0	0.170878722466856	0	0	0	0.0302314534167338	0	0.131845690372897	0	0.0196969770057968	0	0.0964137943375878	0.0738026922312227	0	9999	0.0254327271475629	1.08612696609245
TCGA-2J-AABU-01	0.183097416218038	0	0.108400202256959	0	0.113224506056009	0.168549376755129	0	0	0	0.113526047136432	0	0.0848124261470074	0	0	0	0.0726568283877699	0	0.0776639244412585	0	0.0514279543860086	0.026641318215388	0	9999	0.0222654350023498	1.10272894997154
TCGA-2J-AABV-01	0.20861690129281	0	0	0.0278997291754629	0.0421183646751145	0.057834969240295	0	0	0	0	0	0.0458895667726021	0	0.0366712951886195	0.0865420515101762	0.160211698035846	0	0	0	0.204099605729614	0.13011581837946	0	9999	0.00132616694642621	1.10341841385771
TCGA-2L-AAQA-01	0.262220718500099	0	0.0331541476776811	0	0.11289994699809	0.175867259594927	0	0.00630673391754626	0	0.144089171864496	0	0	0	0	0.00457099132232526	0.0936648156202338	0	0.0406594535743069	0	0.0988029304414922	0.0277638304888022	0	9999	0.0124445017442021	1.10080549701208
TCGA-2L-AAQE-01	0.153520140529754	0	0.0398392038142695	0	0.187960175157166	0.124346705369545	0	0.016666122719044	0.0355515548022765	0.177094160412218	0	0.0360814722868182	0	0.0418881414951495	0	0.0620619987683256	0	0.0150940800193375	0	0.065918218328398	0.0439780262976989	0	9999	0.0371202333175642	1.09117131079703
TCGA-2L-AAQI-01	0.236684862277974	0	0.0576870083048706	0	0.129948607643537	0.198019683209353	0	0.0330368611826373	0	0.0803409438681584	0	0.0561010211663192	0	0	0.0164009661452169	0.0840331123676531	0	0.00216574613535543	0	0.0606630227114345	0.0228924855908927	0.0220256793965971	9999	0.0325895754903521	1.0980583806718
TCGA-2L-AAQJ-01	0.062129441850004	0	0.0039125943772296	0	0.231296640479591	0.0801864439378301	0	0	0	0.139811366363188	0	0.0343631668916531	0	0	0	0.195497588153361	0	0	0	0.224325913264106	0.0284768446830377	0	9999	0.0297616017476057	1.09508874563556
TCGA-2L-AAQL-01	0.167352553818332	0	0.0486407304914772	0	0.158051630780438	0.130581473014296	0	0	0	0.0377035095580423	0	0.0255755307113152	0	0	0.00521932535194691	0.168780911309604	0	0.0233544770763485	0	0.0767087216513535	0.158031136236846	0	9999	0.0355271119968439	1.07024629374496
TCGA-2L-AAQM-01	0.0682995841401878	0	0.0327385458968102	0	0.170015669373968	0.168962070450626	0	0.081787042209422	0	0	0.196468013354309	0.0132529773673258	0	0	0	0.0885563564625049	0	0.102985897969631	0	0.0574936239256007	0	0.0194402188496145	9999	-0.00602982325123413	1.10785334127406
TCGA-3A-A9I5-01	0.0434807586135205	0	0.0109418415916575	0	0.332279628240804	0	0	0	0	0.172551371641469	0	0.0277770485268049	0	0	0.0590516040787502	0.112907920199348	0.00948628079080587	0	0	0.124423739866824	0.080670302291463	0.026429504158553	9999	0.0361238377871269	1.08274746693371
TCGA-3A-A9I7-01	0.223789555595881	0	0.0367049394337516	0	0.12587467003979	0.0188017497914208	0	0	0.0373082763667728	0.0127803968614192	0.0158081793124164	0	0	0.0441820335138848	0	0.0849381305841104	0	0	0	0.350789211679057	0.0490228568214961	0	9999	0.00444396486926424	1.1361911059882
TCGA-3A-A9I9-01	0.182806900868279	0	0.00618012046313626	0	0.0602586252276919	0.175766312064825	0	0	0	0.0857700391862646	0	0.0471200654571021	0	0.0588701199458596	0.0694878311722962	0.0564212840255779	0	0	0	0.127144953228466	0.130173748360502	0	9999	0.0123964183303094	1.08810621982217
TCGA-3A-A9IB-01	0.114856989736379	0	0.0871324538252026	0	0.168231671201217	0.22215257647219	0	0	0	0.137765375209797	0	0.0456306586487663	0	0	0	0.0479572716593686	0	0.112972882966182	0	0.0419428422890749	0.021357277991824	0	9999	0.0293380210220523	1.0967784940844
TCGA-3A-A9IC-01	0	0.050205490381809	0.00119530211882944	0	0.24513433458938	0.18476412277955	0	0	0	0	0.0396286532585386	0	0	0	0	0.0845905102775069	0	0.0661306148547696	0	0.249453793578558	0.0788971781610583	0	9999	0.0433577191933415	1.0900500125394
TCGA-3A-A9IH-01	0.0453295385554368	0	0.0375087666876151	0	0.307345303885574	0.0674098989744469	0	0	0	0	0.00955147652402735	0.0763124766765875	0	0	0	0.0911555152368208	0	0.0916438060241011	0	0.273743217435391	0	0	9999	0.0434146038632265	1.10087587364351
TCGA-3A-A9IJ-01	0.126463442423037	0	0.196639310273535	0	0.0295292429272822	0.0299230825010188	0	0.0474465636388819	0	0	0	0.0713089837000302	0.0358523414956766	0	0.00547220964794031	0.279789526272301	0	0	0.0916945544873094	0	0.0858807426329879	0	9999	0.0285186914229915	1.09216554920799
TCGA-3A-A9IL-01	0.194178613384471	0	0.0206449670488002	0	0.0958165624318599	0.0580364928604026	0	0.000612688028122039	0	0.0129514269570354	0	0.0521621298997164	0	0.00484341582638306	0.052168002887589	0.332542638538452	0	0	0.0638178719531682	0	0.112225190184	0	9999	-0.00573385937748491	1.08328571587465
TCGA-3A-A9IN-01	0.0460139163123541	0	0.0863865838257218	0	0.254002845857868	0.162516610736305	0	0.0408635684774735	0	0.023758704522823	0.0936494732472767	0.00607779401653536	0	0	0	0.120014779921918	0	0.0324850168537201	0	0.115624465880034	0.00516139327643041	0.01344484707154	9999	0.0365575542120389	1.08392663596352
TCGA-3A-A9IO-01	0.165312525366304	0	0.0619796329374595	0	0.0469208470999472	0.135621144272216	0.0160915873558789	0.0170615251570464	0.00411629611451132	0.0374346883048769	0	0.037666919424351	0	0	0	0.190044044016691	0	0.220410854885449	0	0.0194399386263577	0.0402238440981796	0.00767615234073197	9999	-0.0117389006458354	1.09204900819858
TCGA-3A-A9IR-01	0.0640393614751315	0	0.0389353618070539	0	0.162162785763972	0.156647734353532	0	0.0294919512643781	0	0	0	0.0607562630895142	0	0	0	0.162362491343463	0	0.029971071037678	0	0.133413338206451	0.137412406346476	0.0248072353123506	9999	-0.0192835597026681	1.09259435218974
TCGA-3A-A9IS-01	0.211574749883261	0	0.0421807125022458	0	0.15857808818787	0.0363897389416873	0	0.0101568217062632	0	0	0.145312485395817	0	0	0	0	0.212711516788146	0	0.0219151126888918	0.0283206090132433	0	0.126376507065709	0.00648365782686546	9999	-6.11729368913415e-05	1.08431324790168
TCGA-3A-A9IU-01	0.259317818917206	0	0.0875735383251887	0	0.0807811292987638	0.144479053674142	0	0.00603303742697594	0	0.0906001679497969	0	0.0817368995952618	0.0094975606256106	0	0.0167526686795738	0.0487951129377663	0	0	0	0.133850722029156	0.0405822905405581	0	9999	0.0151315665833586	1.11744646237367
TCGA-3A-A9IV-01	0.292564790738648	0	0.0424901055556663	0	0.196028899896756	0.0946247447317493	0	0.0180939486355313	0.016983699608786	0.0899566464921707	0.0346580850649816	0	0	0	0	0.122618959709159	0	0.00940465457427459	0	0.0522729703472048	0.0303024946450726	0	9999	-0.0171178035616397	1.12143880955053
TCGA-3A-A9IX-01	0.192739835687351	0	0.0270974735258263	0	0.0527060439768725	0.0923627934393351	0	0.0603510634950136	0	0.0419081554514879	0	0.110318351532642	0	0.198197265236262	0.0173932385472361	0.0637708865164162	0	0	0	0.143154892591558	0	0	9999	0.00778427558792595	1.10370660804518
TCGA-3A-A9IZ-01	0.173646663687755	0	0.113770363827235	0	0.0298767913843355	0.121311646547868	0	0	0	0	0	0.0809161876000252	0.0914692488967667	0	0.0505050632668094	0.0216526152797442	0	0	0	0.316851419509461	0	0	9999	-0.0223357331761143	1.15302039171706
TCGA-3A-A9J0-01	0.198999608073369	0	0.0100756698871057	0	0.016499131149351	0.0746188709191406	0	0.0521135164970347	0	0	0	0.101129590001009	0	0	0.0203177075362597	0.0914761587394209	0	0	0	0.389638944126852	0.0451308030704576	0	9999	-0.00294592984701192	1.16643317081817
TCGA-3E-AAAY-01	0.119706200049125	0	0.021629739297472	0	0.174452628477117	0.129270914257715	0	0	0	0.0128282163870615	0	0.0316728625108945	0	0.0555753942620621	0.0369367330679583	0.129746891013921	0	0	0	0.203281395410737	0.0659880543029992	0.0189109709629374	9999	0.0332402394597442	1.07937243524705
TCGA-3E-AAAZ-01	0.0537504729601657	0	0	0	0.173772046419735	0.197239987456006	0	0	0	0.0357166325531747	0	0.0259651395245863	0	0	0.00265920255578063	0.246135820044255	0	0.0375409203461906	0	0.169347108522664	0.0578726696174419	0	9999	0.0370843681428368	1.07651023673708
TCGA-F2-6879-01	0.169559477984331	0	0.00221048590593318	0	0.21538620603352	0.229383123461012	0	0	0	0.153724771344463	0	0	0	0	0.00518609177967197	0.0746400989168791	0	0.0273936436994542	0	0.0287400618251334	0.0937760390496016	0	9999	-0.00467934674792684	1.11322869146355
TCGA-F2-6880-01	0.382466769925597	0	0.0314984722145958	0	0.141013466774814	0	0	0.0047696451953156	0	0.0169091730333015	0	0.0497249313455526	0	0	0	0.247899155379887	0	0.0471710540177538	0.0329834781321854	0	0.0455638539809973	0	9999	-0.000105300228092105	1.11921310921033
TCGA-F2-7273-01	0.2874841962243	0	0.0215934312725793	0	0.144202620567469	0.0933678997501133	0	0	0	0	0	0.0266045158694845	0	0.0960650490766566	0.00297566123596228	0.223945427992697	0	0	0	0.103761198010738	0	0	9999	0.0147669384932743	1.0971279691399
TCGA-F2-7276-01	0.195984763380937	0	0.0196698413214011	0	0.0670550783348927	0.11312812706051	0	0.0676561697446605	0	0.0773672573880714	0	0.127498642444432	0.0253319887289461	0.114810399801547	0.00884960520154316	0.0664894889983303	0	0	0	0.0994239684568701	0.0167346691378581	0	9999	0.0115004095713554	1.10097408167569
TCGA-F2-A44G-01	0	0.0397479594762537	0	0	0.240372572562912	0.311690168858044	0	0	0	0.145770374878826	0	0.0212230745794449	0	0	0	0.0117359014847867	0.00801542323475804	0.0424277205666416	0	0.142846189017299	0.0361706153410351	0	9999	0.0121036237293985	1.12879948366151
TCGA-F2-A44H-01	0.247914650999751	0	0.00662010740193945	0	0.0501727386199124	0.0202374505191882	0.0278828902884843	0.136966543646948	0	0	0	0.0816689698393192	0	0.00471690745068152	0.0699710887434857	0.296057041971655	0.0101074470922148	0	0.0396434644462146	0	0.00804069898020521	0	9999	-0.00332406972725011	1.09222796980564
TCGA-F2-A7TX-01	0.254859792626351	0	0.0285273543621776	0	0.148142484629326	0.0825015585726072	0.0204066617930932	0	0	0.0201939377364086	0	0.0268889270339359	0	0	0	0.0888590449546942	0	0.0307063306492918	0	0.273681200099612	0.0252327075425025	0	9999	0.0275426588571016	1.10941493685548
TCGA-F2-A8YN-01	0.260142601001883	0	0.0464429092744241	0	0.211930415487737	0.0206113997631486	0	0	0	0.112399884353642	0	0.0215865573891627	0	0	0	0.0627112030922714	0	0.0773094720869016	0	0.160332395864129	0.0265331616867	0	9999	0.0164611345852278	1.10169914198585
TCGA-FB-A4P5-01	0	0	0.0033139971331686	0	0.0734106988636817	0.0944892491351992	0	0	0	0.0286986683744274	0	0.0601070286324779	0.0110647656993458	0	0	0.0682733713643006	0	0.0177407847362677	0	0.642901436061131	0	0	9999	0.00532767813674885	1.2808428497667
TCGA-FB-A4P6-01	0.175097616166556	0	0.0171274521403383	0	0.133575780396008	0.170404198371573	0	0.017162553402615	0	0	0	0.0484283850255117	0	0.00824094685251164	0.0156492598176922	0.130299208804804	0	0	0	0.131623181263809	0.0926729740537378	0.0597184437048434	9999	0.00396279258593143	1.08756617165886
TCGA-FB-A545-01	0.519172180211899	0	0.0558008010472925	0	0.141504609412292	0	0.003129311836484	0	0	0.0501182728205311	0	0.0437086204743462	0.134391733070757	0	0	0	0.0196424991825359	0.0325319719438619	0	0	0	0	9999	0.00700039779314758	1.18031335762663
TCGA-FB-A5VM-01	0.252479128942348	0	0.0705073001277753	0	0.0222474027771295	0.108661214007753	0	0	0.0389238627372566	0	0	0.0310284131753777	0.00264948236829911	0.0193720384044426	0.0314451637805003	0.109978018223645	0	0	0	0.190441736203562	0.122266239251911	0	9999	0.00183842041974232	1.10864519205725
TCGA-FB-A78T-01	0.0746753903130102	0	0.0290870768615548	0	0.225725916316716	0.119429578635147	0	0.050851371716447	0.00318430624215472	0.0950127738186054	0	0.0235693348011909	0	0	0	0.106035475443278	0	0.0855968648460833	0	0.177383898258241	0.00944801274757149	0	9999	0.0428056802034818	1.081556929359
TCGA-FB-A7DR-01	0	0	0.0103648191833148	0	0.205264390939366	0.178764245711769	0	0	0	0	0.000971786591829367	0.0665062040299968	0	0	0	0.171112776940458	0	0.113792344105196	0	0.20812117788459	0.0451022546134809	0	9999	0.0364889168973452	1.08852781086851
TCGA-FB-AAPP-01	0.298401029785935	0	0.0158703871641142	0	0.0535349861413606	0	0.0420584178817583	0.00173793937905735	0	0	0	0.0400993068357124	0	0	0	0.136980708050042	0	0.130577343736659	0.248029788798736	0	0.0327100922266249	0	9999	0.0486426461411117	1.07733440912139
TCGA-FB-AAPQ-01	0.255352798467042	0	0.025814510166019	0	0.237955649838085	0	0	0	0	0.147220926853252	0	0.0686037489476072	0	0	0.0428311018152051	0.0751584681517616	0	0	0	0.122141012012528	0.0249217837485001	0	9999	0.0115216095052051	1.11097615081304
TCGA-FB-AAPS-01	0.246775857612276	0	0.00482007282599758	0	0	0.0419149567929247	0.0600691931575212	0.0178337368461877	0.141229767376091	0.0287905645756096	0	0.0104448070915647	0.114043758777916	0	0	0.0800425086819035	0	0	0	0.0709344570448699	0.183100319217138	0	9999	-0.00342262889098935	1.09079879839187
TCGA-FB-AAPU-01	0.432132229707542	0	0.0782746637881896	0	0.0425447029528466	0.102110599586451	0	0	0.0604680289350592	0.030534085049239	0	0.0103109188306435	0	0	0.017302056639391	0.0825721230989356	0	0	0	0.082711584534301	0.0549957646579562	0.00604324221944594	9999	-0.00349332685302757	1.15617658445468
TCGA-FB-AAPY-01	0.111587012528513	0	0.0174810069977646	0	0.0525166421356148	0.19405969238347	0	0.00243300351839693	0.00708145529495817	0.131183704577923	0	0.0530074765367761	0	0.13446124651058	0.026053513727567	0.132795769589884	0	0	0	0.0730390011522446	0.0454260162146902	0.018874458831618	9999	0.0118349194452222	1.08406561701845
TCGA-FB-AAPZ-01	0.023494753771566	0	0.0292401006569163	0	0.197621575170992	0.20204378143978	0	0.000179375104269986	0	0.183794687281935	0	0.00561941741833874	0	0.0296477598559229	0	0.0971055866380912	0	0.00512662002596868	0	0.182266010849531	0.0438603317866876	0	9999	0.0425624984255169	1.09187782178164
TCGA-FB-AAQ0-01	0.319052362479907	0	0.0365784494734675	0	0.166040636181219	0.117995442931352	0	0.0166706204049491	0.000328212527401319	0.113919527602322	0	0.0525914971223528	0	0.00900765869066255	0.00973192610419979	0.0860954010601227	0	0.00976046543503968	0	0	0.0622277999870047	0	9999	0.000351231315313664	1.1248364703131
TCGA-FB-AAQ1-01	0.144295543481381	0	0.0705076556869946	0	0.159476831506304	0.172590666610308	0	0.00547346912597781	0	0.105402235571739	0	0.0702325284598106	0.0554861252847776	0	0.198454853558269	0	0.0180800907144387	0	0	0	0	0	9999	0.0371794115827198	1.11577491318334
TCGA-FB-AAQ2-01	0.494630334309339	0	0.0575635272983128	0	0.0970603853835376	0	0	0	0.0132158832229168	0.12919996563989	0	0.00948580373873582	0	0	0	0.056913354458482	0	0.0271238339342818	0	0.113422202695731	0.00138470931877403	0	9999	0.00297999322490472	1.17464200225299
TCGA-FB-AAQ3-01	0.0716360656129443	0	0.0297907029609146	0	0.151746086169872	0.248625183722817	0.0419887314276445	0	0	0	0.0335103382439625	0	0	0	0.034750263760882	0.221610753382267	0	0.0230095680339469	0	0.0552223534841894	0.0881099532005593	0	9999	0.0114557395825674	1.07584235825717
TCGA-FB-AAQ6-01	0.189490537356418	0	0.0185223847097146	0	0.0991328809705915	0.170362273289273	0	0	0	0.17479403514941	0	0.0661193600590095	0	0.00935678778470611	0.0218387821512592	0.0966841736814648	0	0	0	0.0942687481886434	0.0594300366595093	0	9999	0.0159312083410494	1.10066542582204
TCGA-H6-8124-01	0.564749204691357	0	0.089329542903013	0	0.107674306305973	0.0629038322521995	0.0142202684400806	0	0	0.057758889415111	0	0.00766244985456976	0.0243110994968567	0	0	0.010925084448819	0	0.0359192290790798	0	0.0245460931129399	0	0	9999	0.0247080887029265	1.20467959103479
TCGA-H6-A45N-01	0.0912335354989566	0	0.0407462268739787	0	0.150291836143545	0.0493744363411621	0	0.103992038041348	0	0.0881433260224325	0	0.0121850476532813	0	0.0227301654684737	0	0.171552228810324	0	0.0347683828499533	0	0.216971999169223	0.0178331227991822	0.000177654328138899	9999	0.0257001224088929	1.0839065229122
TCGA-H8-A6C1-01	0.261250143315877	0	0.0261274949708301	0	0.0437646538528387	0.0941100683468027	0	0.0283496839244548	0.0293376836166774	0.0948893951927439	0	0.0479126218746025	0	0.100285715060648	0.0355403342780929	0.0953273471737679	0	0	0	0.109592226238208	0.0335126321544557	0	9999	-0.00877304234846392	1.10334575376485
TCGA-HV-A5A3-01	0.376513887405508	0	0.0575330352902577	0	0.0488350306695596	0.00681608619846583	0	0.0474069941297776	0	0.0990933571161652	0	0.0763642684446485	0	0.0716877801155946	0.0879856497663765	0.0220362485960159	0.0108147802438489	0	0.0337919651017966	0	0.0611209169219852	0	9999	0.0296973283636417	1.12060476525437
TCGA-HV-A5A4-01	0.169211068671247	0	0.0439770556550011	0	0.132185609351423	0.0942295345753223	0	0.0412770320568677	0.0330520409990093	0.120651804307974	0	0.00870753218397697	0	0	0	0.0829570013891879	0	0.0565244929021985	0	0.184041503596481	0.033185324311312	0	9999	0.0230954356204002	1.0889042534852
TCGA-HV-A5A5-01	0.283719288046103	0	0.00254363108240661	0	0.0145020322487158	0	0	0.0203245366439487	0.0461733932357919	0.0720546494932952	0	0.0245967512411567	0	0.180342886297149	0.0364522300669022	0.0908974997702349	0	0	0	0.128258908153922	0.100134193720374	0	9999	-0.0144682507684611	1.10911651832404
TCGA-HV-A5A6-01	0.528027922303079	0	0.0175314301748745	0	0.0679264719919031	0.0336002724174481	0	0.0662033333231303	0	0.0503720157597507	0	0.0630136438104146	0	0.0405747721759032	0	0.0611028701611081	0	0	0.0478775259870539	0	0.023769741895334	0	9999	0.000647262095732059	1.17322274918031
TCGA-HV-A7OL-01	0.140153132838241	0	0.0644882650152194	0	0.0440673838656986	0.0215775102364563	0	0	0.094662907778531	0	0.00130233505974945	0	0	0.0684678675766648	0.0147001311167931	0.0730666525409374	0	0	0	0.477513813971709	0	0	9999	-0.000356824996043718	1.18451140006282
TCGA-HV-A7OP-01	0.0851051872753636	0	0.00113986858114945	0	0.103885955838241	0.133736264722407	0	0.038207130907167	0	0.0329484258369669	0	0.0299238844686383	0	0	0.147311474699379	0.135281467149335	0	0.0258024059806501	0	0.212206703687701	0.0544512308530007	0	9999	0.0267422439957779	1.0969970457903
TCGA-HV-AA8V-01	0.158366813000681	0	0.0344433564499807	0	0.117254383173009	0.0750357300387821	0	0.00388906096950737	0	0.0220290240092078	0	0.0491751989756761	0	0	0.0084110894005005	0.126160655322184	0	0.0351130331212076	0	0.287440000926104	0.0546761192290667	0.0280055353840936	9999	0.00717829274023029	1.11015030533867
TCGA-HV-AA8X-01	0.142586945761885	0	0.109975982739194	0	0.069487689029168	0.0529232890899671	0	0	0	0.0138964729957499	0	0.055595262014584	0	0	0.0748801182807283	0.19248887088946	0	0	0	0.199797219582445	0.0620363723315716	0.0263317772852468	9999	-0.00125278421706082	1.10474911643369
TCGA-HZ-7289-01	0.428319859354306	0	0.0479679908793274	0	0.11340166720009	0	0.0119583314981707	0.00313163173885292	0	0	0	0.0538242404918026	0	0.0172653404370083	0.00429914822989558	0.153534248816678	0	0.0290845017926847	0.0838045791810218	0	0.0305614212073429	0.0228470391728185	9999	-0.00974229390155687	1.13923899556781
TCGA-HZ-7918-01	0	0.0665944641213586	0.00527784409169776	0	0.133577304546485	0.120073087803237	0	0.00351798214837249	0	0.0132262555141787	0	0.057786674221685	0	0.020889730923155	0	0.110100931604028	0	0.0567642645128615	0	0.404336360381294	0	0.00785510013164729	9999	0.0172404241213125	1.14496012974188
TCGA-HZ-7919-01	0.277009967825958	0	0.00121192703998274	0	0.0991391207549792	0.110983404064944	0	0.00274355115417902	0.0188074598640431	0.0916952313201278	0	0.0181049475849219	0	0.0189766818467468	0	0.106012354466003	0	0.0269998389245828	0	0.187212650711878	0.0411028644416536	0	9999	0.011640168909428	1.10115110104459
TCGA-HZ-7920-01	0.0238236840158621	0	0	0	0.0958163838003282	0.264438585317673	0.00381215150077174	0	0	0	0	0.0543819630851835	0	0.0781050323890517	0.0535379580852643	0.153488558515503	0	0	0	0.268618716245951	0.00397696704441177	0	9999	0.0285709426516624	1.10510812946668
TCGA-HZ-7922-01	0.0535419201519907	0	0.00925284180835786	0	0.189167525134438	0.291305298958793	0	0	0	0.0438612633459115	0	0.0586880530086264	0	0	0.02447490134417	0.0591865887355677	0.0128680128575603	0	0	0.255145212536063	0.00250838211852209	0	9999	0.042632034390428	1.1101001228496
TCGA-HZ-7923-01	0	0.0628236950899615	0	0	0.0436164793126287	0.159639287550416	0	0	0.00384989238407751	0.0165825133317557	0	0.127391299826519	0	0	0	0.0510633279634386	0	0.0164165187100065	0	0.494983499204218	0.0236334866269786	0	9999	0.00717176951650711	1.21342918864009
TCGA-HZ-7924-01	0	0.0450497314661065	0.00272433113012293	0	0.0204506872739569	0.22045257629432	0	0	0.0506972332420556	0.12723558723593	0	0.0265438300003369	0	0	0.0330698573190414	0.0799993208902758	0	0	0	0.385492471847138	0.00828437330071601	0	9999	0.0122152764475612	1.14764626162345
TCGA-HZ-7925-01	0.0523201646039479	0	0.032993584801558	0	0.200762388737926	0.134527021134162	0	0	0	0.0791408349018733	0	0.0184362069690659	0.363859997709058	0	0.009167802497626	0	0	0.0231467386125914	0	0.0856452600321919	0	0	9999	0.0238242959639829	1.08784121730401
TCGA-HZ-7926-01	0.139134689913792	0	0.00389198733875855	0	0.0708742199914831	0.139944320157959	0	0.0230477710862026	0.0576730993226174	0.151705847545564	0	0.010449405259615	0	0.0351460820959278	0.0273297347860881	0.157373244401611	0	0	0	0.135066987328498	0.0483626107718831	0	9999	0.0144228012257809	1.08405842579366
TCGA-HZ-8001-01	0.117002512733756	0	0.00274950146136	0	0.059218284813412	0.0731843382276128	0	0	0.0253232180793362	0.0166138507221529	0	0.0717381674532251	0.0158471843996532	0.0938923217788028	0.0171928155489937	0.0270859663594069	0	0	0	0.462498275438202	0.0176535629840859	0	9999	0.00379925226098218	1.18609468466531
TCGA-HZ-8002-01	0.296611993850608	0	0.0132187155709731	0	0.184307099845591	0.00852330330676051	0	0	0	0	0	0.0301026880523184	0	0.0816855989965395	0.0817242375163581	0.0827324674202437	0	0	0	0.221093895440607	0	0	9999	0.01177579577073	1.11539730479856
TCGA-HZ-8003-01	0.141082293844579	0	0.0212357025359776	0	0.144593778110924	0.169193068870968	0	0.0194053427519445	0	0.0464803596271062	0	0.0250956264146799	0	0.0232336835386177	0	0.105466530558097	0	0.00403137711483565	0	0.27138608236658	0.0287961542656901	0	9999	0.0294234043100522	1.09988915129264
TCGA-HZ-8005-01	0.244486363082386	0	0.0353121418416845	0	0.144248660033707	0.0798099351889529	0	0.0197680868456371	0	0	0.00688383715291235	0.0432633611518412	0	0	0	0.121249807660709	0	0.0760184939226992	0	0.22895931311947	0	0	9999	0.0170207659827488	1.10357631961689
TCGA-HZ-8315-01	0.214303602579644	0	0.0168525701152692	0	0	0	0	0.127880500367402	0.0125021554032926	0.0357157367046887	0	0.0870072846206989	0.0575837819865886	0	0.00491468022126559	0	0	0.000949370956669037	0	0.408759555165839	0.033530761878643	0	9999	-0.00443297165224979	1.17731202114308
TCGA-HZ-8317-01	0.121996758004379	0	0.0145459425112165	0	0.139650926669093	0.183781071805853	0.0370777631730492	0	0	0.117428125130288	0	0.0405314349385109	0	0	0.119543806983354	0.13394475448671	0	0	0	0.0228433945960579	0.0686560217014882	0	9999	0.00478827301236328	1.09512741678219
TCGA-HZ-8519-01	0.090658779511348	0	0.0125188889454808	0	0.234327418712862	0.154339998042269	0	0	0	0.154588594498199	0.000540766713180795	0	0	0.0876498130398367	0	0.137291337000909	0	0.015326659539284	0	0.112159311070464	0.000598432926167562	0	9999	0.036434634784057	1.08273234299779
TCGA-HZ-8636-01	0.111058848264946	0	0	0	0.35253859446776	0	0	0.0317061534725541	0	0.202944556839991	0	0.0862835093864697	0	0	0	0.096080428668977	0	0.0439636208388912	0	0.0258898144252857	0.0495344736351247	0	9999	0.0381411370930348	1.10476872127219
TCGA-HZ-8637-01	0	0.0942806458146902	0	0	0.114671301373018	0.0988021339648052	0	0	0.00857934622162467	0.09385520285182	0	0	0	0	0	0.1662135091058	0	0.0166843224461957	0	0.393404249907717	0.013509288314329	0	9999	0.0138055181730904	1.13506603729687
TCGA-HZ-8638-01	0.230198774479479	0	0.0296607362637844	0.0216728601649826	0	0.0453509401626256	0.00303305944766337	0.0251788457749067	0.0209215403491608	0.0146885665463231	0	0.129269274904999	0.0015977430057504	0	0	0.0683320640843384	0	0.0248035703420855	0	0.355032237020445	0.0302597874534562	0	9999	-0.0102362598347739	1.17109345817639
TCGA-HZ-A49G-01	0.0330714738571069	0	0.032231671463067	0	0.124654777634645	0.153179801634879	0	0.0813908677936794	0	0.1349161803986	0	0.0275094144908651	0	0.0311335259734608	0	0.115300689913502	0	0.0146487383838074	0	0.21466735538616	0.00471041700953749	0.0325850860606901	9999	0.0347749157309582	1.09113697366651
TCGA-HZ-A49H-01	0.094366095666495	0	0	0.00933896183875495	0.0239706725721159	0	0	0	0.0161442033356979	0.0677394226340718	0	0.0673914289379113	0	0.0731263142126564	0.0256653614537574	0.0329979467699027	0	0	0	0.583930749194061	0.0053288433845756	0	9999	-0.00482141305798288	1.26150400173655
TCGA-HZ-A49I-01	0.0830386016881181	0	0.108299234676778	0	0.228296399898692	0.044766061006029	0	0.0196011822312196	0	0.167686842019502	0	0.0293980440006449	0	0	0.0263110771514225	0.0324816066813017	0	0.02501194428421	0	0.188149180994178	0	0.0469598253679039	9999	0.0352601938627398	1.09420508352219
TCGA-HZ-A4BH-01	0.0324796347109296	0	0.00373848090279662	0	0.186306406182301	0.241110780888144	0	0.0199849326291377	0	0.198823638016542	0	0	0	0.0367767879573806	0	0.0958561962785554	0	0.0207814555121161	0	0.157943291956216	0.00619839496588171	0	9999	0.0479367901671629	1.096049177641
TCGA-HZ-A4BK-01	0.0146136789553659	0	0	0	0.110491429992579	0.0957176823087469	0	0.135470800983359	0.0162920884737114	0.121231865910071	0	0.040729573731107	0	0.0144361074098571	0.0462221232666591	0.130424352389863	0	0	0	0.259955139629455	0	0.0144151569492252	9999	0.0226141017484336	1.11082026083762
TCGA-HZ-A77O-01	0.168615187751014	0	0.0120329138982162	0	0.211708293265624	0.071590276792906	0	0	0	0.100238574861213	0	0.0673353310382834	0	0	0	0.0917749998186649	0	0.128421979624785	0	0.117505318057169	0.0307771248921239	0	9999	0.0264197577972024	1.08588070825466
TCGA-HZ-A77P-01	0.196941606213594	0	0.0213306875239706	0.0425885233872031	0.154739587815052	0.00323389169114579	0	0.144105991166188	0	0	0	0.0645710559934163	0	0.00935309277766488	0.0276854857094189	0.15665554995534	0.000451960449333562	0	0	0.140259750043776	0.0141686879352108	0.0239141293386853	9999	0.00567921531991026	1.09480749583831
TCGA-HZ-A77Q-01	0	0.0515909355083352	0.00231903373748906	0	0.111228858803584	0.156826630908258	0	0	0.022666753765941	0.0902921070582165	0	0.0314034272023863	0.206045429584179	0.0384264572451647	0.0158254932826304	0	0	0.00652402266263862	0	0.266850850241177	0	0	9999	0.0196966278434893	1.10275421032273
TCGA-HZ-A8P0-01	0.233665009149997	0	0.0200545275340451	0	0.0813083626299327	0.0153127372305872	0	0.0480190146595805	0	0.0794624375667837	0	0.0579627856269231	0	0	0.00845985788772178	0.143964900503149	0	0	0	0.31179036721128	0	0	9999	0.000555986197403856	1.13487301327582
TCGA-HZ-A8P1-01	0.0580129414551293	0	0.0251419690446413	0	0.301463534152703	0.0371087431473605	0.0704113953640414	0	0	0.204233278406895	0	0	0	0	0	0.0892219284666687	0	0.0907582867144031	0	0.0695272929359017	0.0541206303122555	0	9999	1.22303592258882e-05	1.09627998685303
TCGA-HZ-A9TJ-01	0.39058162454812	0	0.0730361203663425	0	0.0408659914761859	0.0336427745339625	0	0.0127952949388744	0.0488798879312588	0.0240685089479779	0	0.0395475019284307	0	0	0	0.107156356528678	0	0.0199428302017352	0	0.173385909848103	0.0360971987503309	0	9999	-0.00626897130803775	1.14827491560161
TCGA-IB-7644-01	0.161894513734524	0	0.0221858441056943	0	0.158410372823022	0.261026357064195	0.0457393177350703	0.0262594911637301	0	0.0181082140731345	0	0.065627357644248	0	0	0	0.115076328509188	0	0.0620257485430642	0	0	0.063646454604129	0	9999	0.0359961913676532	1.08651276212057
TCGA-IB-7645-01	0.200008807168754	0	0.00102614938989014	0	0.0429071385170675	0	0	0	0.0404362024878069	0.113914106672154	0	0.0830380708752539	0	0.158184677273082	0.0245131017660867	0.175442657081714	0	0	0	0.142386760144337	0.0181423286238541	0	9999	-0.0109955722665387	1.1091966166954
TCGA-IB-7646-01	0	0	0.0534508973397928	0	0.238727171539249	0.274572465381019	0	0	0	0	0.00345712988917468	0.0644269032876427	0.0899599052532673	0	0	0.070144214977594	0	0.056911511738115	0	0.148349800594145	0	0	9999	0.0522684302805765	1.08333031602375
TCGA-IB-7647-01	0.215260007667051	0	0	0	0.123097396175664	0	0.0373204306374654	0	0.0536089984029295	0.105045036483384	0	0	0	0.0849092463877262	0.0320335979668144	0.268671722504768	0	0	0	0.0800535637741976	0	0	9999	0.00524465907773337	1.08443039214221
TCGA-IB-7649-01	0	0.0565326666312744	0	0	0.153092346311615	0.037250655264061	0	0.0765234660970844	0	0.0173413911877444	0	0.068146592747342	0	0	0.0518347979121099	0.0717261115104362	0	0	0	0.467551972338332	0	0	9999	0.0173634967107058	1.17880211565789
TCGA-IB-7651-01	0.134775744680719	0	0.0232157745591482	0	0.134741088938202	0	0	0.0042722933543297	0	0.0088450056234492	0	0.0899007859005034	0	0	0.0406181663990969	0.0330095667691145	0	0	0	0.496224443903839	0.0343971298715977	0	9999	-0.00217719290076273	1.21048825746526
TCGA-IB-7652-01	0.26145962089608	0	0.0608656533543175	0	0.193881015070897	0.216075045918033	0.0359865382227307	0.0503152616404733	0	0	0.00458643608470373	0.0394795410221043	0	0	0.00242471584244606	0.0602156476039858	0	0.0149677620757876	0	0.0535599431720731	0	0.00618281909636819	9999	0.0406601105194957	1.10766155659643
TCGA-IB-7654-01	0.218811754546032	0	0.0678403410960828	0	0.194145691103411	0.158789512272401	0	0	0	0.091622376936416	0	0.00239040815631771	0.0195649347557144	0	0	0	0	0.0441192421645973	0	0.163392030355622	0.0393237086134051	0	9999	0.0359783532955326	1.09775465882081
TCGA-IB-7885-01	0.156147743800692	0	0.0223755113080049	0	0.080820673116745	0.125637755056539	0	0.0162397586785283	0	0.0603301269022435	0	0.0802139213118571	0	0	0	0.0629770006143816	0	0.0461791376475686	0	0.34907837156344	0	0	9999	0.0103068973085561	1.13983351426755
TCGA-IB-7886-01	0.114274291917673	0	0.0173392783947977	0	0.162897887571918	0.22151274376648	0	0.0115166416844758	0	0.15367999988875	0	0.0250692318527976	0	0	0	0.0833698985983522	0	0.0147589875035663	0	0.16538953614897	0.0301915026722192	0	9999	0.0331035409922008	1.09598098613265
TCGA-IB-7887-01	0.281846283040158	0	0.0309199292587379	0	0.07901507678186	0.114543666886678	0	0	0	0.0372775060533338	0	0.0711467647379976	0.087302845019331	0.0624593844729129	0.0242069542315303	0	0	0.0624959014878658	0	0.148785688029595	0	0	9999	0.00281364330981717	1.10621089300691
TCGA-IB-7888-01	0	0.0778599674635773	0	0	0.204463241789069	0.0011440270258771	0	0	0	0	0	0.126797331440593	0	0.0152930477617411	0	0.105167829741167	0	0.0195259729920868	0	0.417715388148032	0.0320331936378562	0	9999	0.0120580020732588	1.16988260710239
TCGA-IB-7889-01	0.22973626668325	0	0	0.105820906585651	0	0	0	0	0.0794922258567713	0	0	0.0544040047113071	0	0.114656811347048	0.0426646543327423	0.16175939801702	0	0	0	0.157111875426979	0.0543538570392316	0	9999	-0.00990832784645391	1.10211623551575
TCGA-IB-7890-01	0.354317766301144	0	0.0188992864747634	0	0.15939619458105	0.0561503946430959	0.00698069430596482	0	0	0.0203969625129329	0	0.139617780786558	0	0	0	0.108541424450398	0.003720883486435	0.0337222223615838	0	0.012744921109681	0.0855114689863933	0	9999	0.0101205126422593	1.12220276058285
TCGA-IB-7891-01	0	0.0296402655608499	0.00307463798810217	0	0.196017827219951	0.0597846388572602	0	0.0189797374386172	0	0.0375212999497061	0	0.0871456369379252	0	0	0	0.0369885932437167	0.00587227775820288	0.0133059561160351	0	0.511669128929633	0	0	9999	0.0179970575256575	1.20696010693268
TCGA-IB-7893-01	0.159863193422588	0	0.0388163071562254	0	0.225750706253677	0	0	0	0	0.0734872663072484	0	0.0386526194942198	0.380396933723516	0	0	0	0	0.0451306120102784	0	0.037902361632246	0	0	9999	0.0347876509701218	1.08586713587835
TCGA-IB-7897-01	0.172792420252303	0	0.021951667354802	0	0.169410295337384	0.174934329710155	0	0	0.000863430580502482	0.0592673291985582	0	0.035618115891084	0	0.0678497929438177	0	0.132531208976028	0	0.0171684728898036	0	0.144254170270326	0	0.00335876659523769	9999	0.030553570733685	1.0832023680889
TCGA-IB-8126-01	0	0.0171395154049005	0	0	0.104256753562628	0.222890173475673	0	0	0.00575224972608186	0.00431663661772589	0	0.0403323401654227	0	0.184381624972702	0.0316441567841172	0.149165042314177	0	0	0	0.240121506976572	0	0	9999	0.0336767973047013	1.1007044464761
TCGA-IB-8127-01	0.175270864498606	0	0.0358316556634495	0	0.234443332316522	0.118869563135607	0	0	0	0.155319403023921	0	0.0372566999602739	0	0	0.012599393513527	0.05139623244816	0	0	0	0.143632455463516	0.0353803999764177	0	9999	0.0343066088840543	1.09857022039769
TCGA-IB-A5SO-01	0	0.0155581927907759	0.0173390509310059	0	0.189905804559735	0.154260431692333	0	0.00178939039677667	0	0.183773543466799	0	0.0429103869586239	0	0	0	0.125561906792019	0	0.00110775757134616	0	0.260039056634445	0.00775447820614007	0	9999	0.0329055762283306	1.11432176137716
TCGA-IB-A5SP-01	0.240207180408904	0	0.0127676210367837	0	0.0687488276705668	0.0817350539772775	0	0.103084909723297	0.0228387202234767	0.125706642067238	0	0.0114443856307548	0	0	0	0.121137566718656	0	0.0298613566673771	0	0.106528821844676	0.0759389140309931	0	9999	0.0102675663291747	1.09181005210364
TCGA-IB-A5SQ-01	0.0952388292525197	0	0.0220723214959928	0	0.192004754644069	0.131934541984885	0	0	0	0.149599815378134	0	0.00593674906688025	0.139358163301457	0	0	0	0	0.0545262021472345	0	0.209328622728828	0	0	9999	0.0331593158918983	1.08870831434313
TCGA-IB-A5SS-01	0.145726361738291	0	0.00961940063752688	0	0.162363537354132	0.260790033625167	0	0	0.0389993234549484	0.192937010980897	0	0.00520944214988932	0.0341390000787022	0.0266405978933182	0.0696390576101442	0	0.0111366175371264	0	0	0.0427996169398574	0	0	9999	0.0274131104022452	1.1107423341317
TCGA-IB-A5ST-01	0	0.0224989207850701	0.00721797716398941	0	0.0434667898129335	0.0717270952498298	0	0	0.034519259064648	0.163699000647118	0	0.0742030511496483	0	0	0.0103139034437092	0.0825206279820547	0	0	0	0.489833374700999	0	0	9999	0.00345154894212523	1.21231535292136
TCGA-IB-A6UF-01	0.316347300414561	0	0.0257953076793682	0	0.0611999621558356	0.030293775939313	0	0.0931504318665159	0	0	0	0.0684341693270895	0	0	0.135959894063964	0.106309156446396	0.0148665480568595	0	0.0286650659824112	0	0.118978388067686	0	9999	0.0126922704274165	1.10774890808987
TCGA-IB-A6UG-01	0.194636864188132	0	0.0131090816140893	0	0.0891421975500168	0.132724706546286	0	0	0.00212589551115156	0.0813638393657513	0	0.00777869963397664	0	0	0.0382778551881762	0.155685405706327	0	0	0	0.285155454696093	0	0	9999	0.0149099556646383	1.1080439065534
TCGA-IB-A7LX-01	0.567120711872565	0	0.0481359869125717	0.036063463798275	0.0390786778991692	0	0	0.0472020838713119	0.0243809597251239	0	0	0.0379415877406723	0	0.00201728342394127	0	0.10749978725477	0	0.0688857979287579	0	0	0.0216736595728413	0	9999	0.0524293451133326	1.1682423302279
TCGA-IB-A7M4-01	0	0.0229952350830399	0.048240585762004	0	0.143695282101496	0.16311940349244	0	0.00118591928798643	0.0299397739463378	0.145124370644873	0	0.00279977454300171	0	0.0137550428149688	0.0160117783182982	0.06714379624143	0	0	0	0.343567252847151	0.00242178491697302	0	9999	0.0287432566822222	1.12256529387746
TCGA-IB-AAUM-01	0.000330582109675197	0.00723854511346439	0.0122837026830188	0	0.175408526695213	0.177838516561336	0	0	0	0.13463501455398	0	0	0	0.0521885843569333	0.0735602853621374	0.102387868519308	0	0	0	0.264128374044935	0	0	9999	0.036645220726914	1.10140897108279
TCGA-IB-AAUN-01	0.186460052290156	0	0.0261831568358872	0	0.0577372425194435	0.09475813950844	0	0	0	0.0471846443321983	0	0.0743522639156574	0.0248486034893685	0	0.0236521018504132	0.0293467545799857	0	0	0	0.38322623427104	0.0522508064074101	0	9999	0.00131819889171499	1.15813780493331
TCGA-IB-AAUO-01	0.342480905295217	0	0.180357715791621	0	0.125791123386133	0	0	0.0368963630361681	0.00344416988842119	0.0186419911928815	0	0	0	0	0.0456761390204827	0.0569569202257988	0	0	0	0.155775449500697	0.0339792226625793	0	9999	0.0137532544985771	1.16112558625726
TCGA-IB-AAUP-01	0	0.116607896986668	0	0	0.125965429391321	0	0	0.00154385779264817	0.0202378256322086	0.0751619296906928	0	0.0181118303194319	0	0.0441999927149583	0	0.109817325020533	0	0.0108341763355455	0	0.46417902372901	0.0133407123869835	0	9999	0.00632875416042971	1.17199509654557
TCGA-IB-AAUQ-01	0.252151412570094	0	0.018552597646625	0	0.142435962550774	0	0	0.0180342942071596	0.000746524774084953	0.012744599132691	0	0.0673213092305465	0.0265549967892464	0	0.0135960829094005	0.0580048860377153	0	0	0	0.346373862304248	0.0434834718474148	0	9999	0.0041773067632517	1.14649097749467
TCGA-IB-AAUR-01	0	0.0299903755804277	0	0	0.132329562736838	0.15694586710209	0	0	0.0290324169237718	0.10888609488297	0	0	0	0.0974028039461375	0	0.0928615456091515	0	0.00346548894229523	0	0.258328944872731	0.07759698916941	0.0131599102341785	9999	0.0276704151939819	1.09770047117575
TCGA-IB-AAUS-01	0	0.116161002098175	0	0	0.335190402317999	0	0	0	0	0.0988006507552226	0	0.0991468065551056	0	0	0	0.124824901208054	0	0.0494218166734272	0.00459384719320527	0	0.152778380342926	0.0190821928558841	9999	0.0384396119115596	1.08084912082
TCGA-IB-AAUT-01	0.103898297834246	0	0.00646900140669884	0	0.017184001552845	0.0480596402714769	0	0.097664553235979	0	0.0643683950460603	0	0.0668383869006919	0	0.148299022565901	0.0066211166342905	0.086854680376491	0	0	0	0.344697562022998	0.00904534215232159	0	9999	-2.28730354874669e-05	1.1428340571069
TCGA-IB-AAUU-01	0.202066357537383	0	0.0550279879201596	0	0.0657706177251296	0	0.00676659794657952	0.163012672498582	0	0.140024972280139	0	0.0523156308408326	0	0.0122105445476016	0.0816098987526049	0.101714637360298	0	0	0.0345066149642099	0	0.0849734676264795	0	9999	0.0335521612903386	1.08428872739575
TCGA-IB-AAUV-01	0.159530013248376	0	0.00451300177993289	0	0.171989876963052	0.129256756524071	0.00210333466143307	0	0	0	0	0.0747205881863327	0.022990727373153	0.16462845891959	0.0531077588527521	0.0798873739136606	0	0	0.0130570439748765	0	0.12421506560277	0	9999	0.0283142167186987	1.07433831965849
TCGA-IB-AAUW-01	0.188531480247089	0	0.0299334730809952	0	0.119920376791182	0.224711087010178	0	0	0	0.0822436565048839	0	0.057522238560578	0	0	0.0437171463591458	0.085154158111138	0	0	0	0.154195787169885	0.0140705961649257	0	9999	0.027189488997438	1.09602607126679
TCGA-L1-A7W4-01	0.482842309957105	0	0.187625901203338	0	0.136352734648032	0.0112820493701203	0	0	0	0.070634695702866	0	0.0423699150679665	0.0502521782174806	0	0	0	0	0.00673482948849361	0.0119053863445981	0	0	0	9999	0.0132593806775864	1.22489799007933
TCGA-LB-A7SX-01	0.312010197641969	0	0.0277715338271619	0	0.0582123636800354	0.0117634984050013	0	0	0	0.00880559377284896	0	0.0515591247510464	0	0	0.0173593265034925	0.083665011512437	0	0	0	0.331384221658904	0.0974691282471037	0	9999	-0.00659703758589673	1.15932545855061
TCGA-LB-A8F3-01	0.16562643875414	0	0.0262371781402859	0	0.120651698650971	0.0832204596999204	0	0	0	0	0	0.0372714002718754	0	0	0.0769680997918157	0.211891351968697	0	0	0	0.0728514491816738	0.150454981971671	0.05482694156895	9999	0.0161283062084575	1.07608417763175
TCGA-LB-A9Q5-01	0.18852255844406	0	0.0061456151170555	0	0.0907148777197172	0.162152481243864	0.00814730175775259	0	0	0	0	0.0848436420972106	0	0.156550929154995	0.0807187583745119	0.0727793597234426	0	0	0	0	0.149424476367391	0	9999	0.00803007736138476	1.08707283126513
TCGA-M8-A5N4-01	0.0482074218467076	0	0.0742544800828093	0	0.151639221852717	0.189035383088547	0	0.0165733525362534	0	0.138640388878905	0	0.027672830125123	0	0	0	0.104019069389262	0	0.0447650590677696	0	0.185449054470334	0.0110371192985422	0.00870661936302919	9999	0.0317307696104787	1.0888114068937
TCGA-OE-A75W-01	0.240901906869461	0	0.0259050196805414	0	0.100463046378191	0.0217781853315996	0	0.057073815285358	0.0231192238504125	0.08187440651579	0	0.0169618030413368	0	0.105912490990794	0	0.217448017007088	0	0.0282710377186409	0	0.0802910473307877	0	0	9999	0.013378995924637	1.08651624782944
TCGA-PZ-A5RE-01	0	0.0222296751576441	0.030628496423105	0	0.249140211612957	0.217500111170342	0	0	0	0.121974794192559	0	0.0292261331164586	0	0	0.0321117293094013	0.125918291226415	0.0372668411122674	0	0	0.10592114216068	0.0280825745181701	0	9999	0.053418968339907	1.08086405389673
TCGA-Q3-A5QY-01	0	0.0691338548272545	0	0	0.0983881075702513	0.0983410778154343	0	0.00107428760512666	0.0342483568918752	0.120261635865767	0	0	0	0.0386362383070541	0	0.0268354310686932	0	0.00499044461626616	0	0.507772879554407	0	0.00031768587787059	9999	0.0139799539843496	1.19025739505195
TCGA-Q3-AA2A-01	0.245178801182977	0	0.0389343048631882	0	0.1342160298658	0.1788146276026	0	0	0	0.114575559094058	0	0.0104961520598868	0	0	0.0284861873690122	0.0774614567636569	0	0.0100157428202014	0	0.115574417316321	0.0462467210622979	0	9999	0.0197631007305521	1.09714777910363
TCGA-RB-A7B8-01	0.281957209069375	0	0.0201582513749842	0	0.0403208182876203	0.122247641303311	0	0	0.0600202621764787	0.0187598003197707	0	0.0616857376375497	0	0.0634739892910797	0	0.131992649792832	0	0.0117480134421814	0	0.15097982878818	0.0366557985166375	0	9999	0.00200733142297957	1.10444449066471
TCGA-RB-AA9M-01	0.246685853467512	0	0.0298126106798435	0	0.0744029610589163	0.182887733851001	0	0.0067408721314512	0.016200749232733	0.105392114299664	0	0.033416190931686	0	0.0121896977811038	0.012463358628653	0.103572121738423	0	0	0	0.164464001618689	0	0.0117717345803242	9999	0.0155874631574136	1.10221914875245
TCGA-RL-AAAS-01	0.173371145082642	0	0	0	0.0513679493750522	0.0570630368462828	0	0	0.00395740570850754	0.00550959063115927	0	0.0639687236670476	0	0.216273024668892	0.0737201197701466	0.110956208553586	0	0	0	0.18937749677068	0.0544352989260043	0	9999	0.000280204861118553	1.10915560471739
TCGA-S4-A8RM-01	0.164588963656975	0	0.0117054451670897	0	0.086763031731853	0.132107743782402	0.034786383640138	0	0	0.165308574568063	0	0.00759918845521227	0	0.0196759651574587	0	0.147317933539267	0	0.107339129372634	0	0.0802573012077942	0.0425503397211139	0	9999	-0.0107985827767175	1.08738825413899
TCGA-S4-A8RO-01	0.0963696169917549	0	0.0614957584801872	0	0.178654126379359	0.202066768597105	0.0219689345308209	0	0	0.152233939290356	0	0	0	0	0.0124488519960256	0.0975168842278983	0	0.0180394394955697	0	0.115139714535584	0.0440659654753381	0	9999	0.0414559230503104	1.08040406013245
TCGA-S4-A8RP-01	0.041403813671875	0	0.0282423318646137	0	0.188867706189778	0.170407957334612	0	0.0090108111912435	0	0.125669499270386	0	0.0165357916423591	0	0	0	0.10811571075292	0	0.0650671535772064	0	0.239525825122344	0	0.0071533993826631	9999	0.0363615271470391	1.0935490474966
TCGA-US-A774-01	0.139163970718741	0	0.000551108603724049	0	0.0069140847285557	0.0838421306834835	0	0	0.0277380298922662	0.027588421099358	0	0.0571299111991193	0.0462339065074725	0	0.0325808921484484	0.0112641074831464	0	0	0	0.492200392946148	0.0747930439895371	0	9999	-0.00350535709090224	1.20211922300061
TCGA-US-A776-01	0.153242521314668	0	0.0122044148023201	0	0.290720636243162	0	0	0	0	0.047835888812016	0	0.0934901483268841	0	0	0	0.0933514259387498	0	0.0394453061071662	0	0.256707249498251	0.0130024089567833	0	9999	0.0261020812830365	1.10942250969731
TCGA-US-A779-01	0.326514746195338	0	0.0338606629859985	0	0.152178308157096	0	0	0.00568811424425092	0.0287069972589503	0.0695176342828192	0	0.0244465938417452	0	0.0553543852686924	0.0339694695272023	0.0450647963117322	0	0	0	0.0486077297457422	0.176090562180433	0	9999	0.0114843955722786	1.10623891675194
TCGA-US-A77E-01	0.328369284966724	0	0.0341350223626071	0	0.133817193066784	0.126159147119309	0	0.0102615366975191	0	0.0953655702929364	0	0	0	0	0	0.0941461054063423	0	0.0361357404376536	0	0.0740480258007126	0.0675623738494118	0	9999	0.0173295516994093	1.106099739752
TCGA-US-A77G-01	0.161494397349236	0	0.0379386887457046	0	0.0472880592757902	0.280364674317402	0.0427280891837648	0	0	0	0	0.0815943706213022	0	0	0.000458545668394346	0.112476496721121	0	0.0385729506525346	0	0.0850858455241446	0.0720106033574908	0.0399872785831157	9999	-0.000574574531144856	1.0894218835434
TCGA-US-A77J-01	0	0.0287923752592424	0	0	0.0589753490706269	0.0614724431362558	0	0.0159111446518976	0.00800670799197926	0.0427409691088956	0	0.0467031447986921	0	0.103044291443484	0.0129655918662349	0.0343568035452508	0	0	0	0.564229077489156	0.022802101638285	0	9999	0.00366698986952894	1.23770670301634
TCGA-XD-AAUG-01	0.130535491211294	0	0.0306596664530749	0	0.241391098186384	0.114635899038595	0	0.0118761361504911	0	0.0755070929281414	0	0.0627331433969392	0	0	0	0.0468216103161744	0	0.00755021651142843	0	0.277433809133965	0	0.000855836673512753	9999	0.0299741476516562	1.11688357347215
TCGA-XD-AAUH-01	0.0995226086248344	0	0.0191180993933508	0	0.117950421105518	0.0898013896380092	0	0	0.00875009623123956	0.00972445405179555	0	0.0268271506170741	0.0250821691092187	0.192688262860773	0.0320540857027331	0.01989643689769	0	0	0	0.343390921676192	0.015193904091571	0	9999	0.0121052529482844	1.13013132393138
TCGA-XD-AAUI-01	0.0924769779028155	0	0.0205497661359545	0	0.18940840498886	0.208431478688671	0	0	0	0.150366598734205	0	0.0206041731743882	0	0	0.000236721515134167	0.0545814827697	0	0.0242998566004055	0	0.236798066561297	0.00224647292856934	0	9999	0.0373603391647117	1.1050140092633
TCGA-XD-AAUL-01	0.332456926250592	0	0.0172584815857156	0	0.0730754531238359	0.0875172776991226	0	0	0	0	0.0170172988469796	0.027648321832353	0	0	0	0.140382283849536	0	0.0787107619830554	0	0.15323236044481	0.0727008343839998	0	9999	-0.00960538229722575	1.11314554568939
TCGA-XN-A8T3-01	0.39921526103446	0	0.0330796048839773	0	0.0223721685484704	0.0199753908621821	0.0166609584990218	0	0.0274843402128345	0	0	0.0440948697624624	0	0.125652641098526	0	0.157808776761934	0	0	0.0857167164603509	0	0.0679392718757814	0	9999	-0.0073406796444566	1.12680696032367
TCGA-XN-A8T5-01	0.181944094483424	0	0	0	0.221060527935122	0	0	0	0.00366719993617266	0.203265258621881	0	0	0	0.151834328603255	0.00290520426611246	0.0308379197565977	0	0	0	0.0881362534128694	0.116349212984566	0	9999	0.0139517034767795	1.08935660241467
TCGA-YB-A89D-01	0.295383556030781	0	0.0166574507109208	0	0.0439111203483068	0.0179195962474094	0	0.136591331531383	0	0.0435723870601633	0	0.0728002472625355	0.00567761847969723	0.142039650046593	0	0.00517297651004065	0	0.00577885080368138	0	0.189496711537758	0.0249985034307302	0	9999	0.00174167047541295	1.12028412359645
TCGA-YH-A8SY-01	0.245917491005559	0	0.0398529752650899	0	0.112951590255466	0.0599136660686058	0	0	0	0.0526053707651117	0.00590631755635799	0	0.280066111194356	0	0	0	0	0.0453670710323146	0	0.157419406857138	0	0	9999	0.0110198070565386	1.09782990461608
TCGA-YY-A8LH-01	0.272976101085535	0	0.0646449414862708	0	0.120588925099574	0	0	0	0.0376248441386574	0.161676107213159	0	0.0216938426123866	0	0.0325837446639638	0.0159636768910735	0.0763291691604212	0	0.0975268427841456	0	0.0477705937737059	0.0506212110911068	0	9999	0.00121416342914605	1.10509952128345
TCGA-Z5-AAPL-01	0	0.0406550074587487	0	0	0.0446948853110947	0.0885030768674167	0	0	0.00623845508965064	0.0352034408964326	0	0.00465209267498825	0	0.23825813087781	0	0.176401172257027	0	0.0373068184632712	0	0.32808692010356	0	0	9999	0.00391532744183887	1.14311431663258
