Mixture	B cells naive	B cells memory	Plasma cells	T cells CD8	T cells CD4 naive	T cells CD4 memory resting	T cells CD4 memory activated	T cells follicular helper	T cells regulatory (Tregs)	T cells gamma delta	NK cells resting	NK cells activated	Monocytes	Macrophages M0	Macrophages M1	Macrophages M2	Dendritic cells resting	Dendritic cells activated	Mast cells resting	Mast cells activated	Eosinophils	Neutrophils	P-value	Correlation	RMSE
TCGA-AB-2803-03	0.24477445479698	0	0.00619269954793121	0	0.0154996261904062	0.119644276908249	0	0.0307370433544042	0.00729502876713949	0	0.0879235459950163	0	0.130620964652448	0.0105592991030246	0.00156347273110369	0.00255773578983382	0	0	0.2603487752641	0.0436168085466011	0	0.0386662683527632	9999	0.130582065910889	1.04403989246086
TCGA-AB-2805-03	0.064487419555901	0.0305950098060892	0	0.054375243546951	0.0342146233278871	0	0.0235112325883796	0	0.0247166593465052	0	0.054175458258782	0	0.665870245456557	0	0.00279067700382485	0.0212463394397037	0.00274417054252498	0	0	0.00862206968219979	0.0126508514446948	0	9999	0.31656406107989	0.98082706454765
TCGA-AB-2806-03	0.285194675946426	0	0.07415881999683	0	0	0.242388138418532	0	0.0292257274081893	0.0125494887255877	0	0.065187848629988	0	0.0877985985337446	0	0	0.0175944205909497	0	0	0.155689024085296	0.00532791553446664	0.0174032210379211	0.00748212109206887	9999	0.33432589108003	0.953285272860397
TCGA-AB-2808-03	0.377294622618628	0	0.0188539828741293	0.0160105919344069	0.0557055544462663	0	0	0	0.00861751403538688	0.0225879794577632	0.0214391299208988	0	0.224461870689744	0.0706291421224434	0	0.0149310766479683	0	0.00175451195970153	0.153170206997693	0.000509520851245482	0	0.0140342954437247	9999	0.425361897417793	0.907493623659369
TCGA-AB-2810-03	0.110206863904247	0	0.0331000291205571	0.113602067176032	0.0319450641673234	0.0358211305551961	0	0.00208262283647246	0.0306499982161987	0	0	0.0802350705668992	0.294103990132365	0.0590640104047032	0	0	0	0	0.0726807477563377	0.10434601927775	0	0.0321623858859186	9999	0.166800051904936	1.02339501776538
TCGA-AB-2811-03	0.165060239438648	0.0549543547259326	0.0156678615677256	0.128597847730353	0	0	0	0	0.0475425995584772	0	0.0620754598344518	0	0.367163226866527	0	0.00176419779556001	0.0801010280593323	0	0	0.0129954519228937	0.0516637764071046	0.012413956092995	0	9999	0.262029889556251	0.983449081077083
TCGA-AB-2812-03	0.354371326911896	0	0.0118619870096322	0.155429239828688	0	0	0	0.00181811085246743	0.0197420907004271	0	0.0324156763602388	0	0.186812652549326	0	0	0.0028319038152143	0	0	0.0443990005151689	0.0215503383747485	0.168767673082194	0	9999	0.128875229515633	1.05702965651735
TCGA-AB-2813-03	0.180398519457225	0	0.113563997116488	0.0334485110698462	0.0226793683604951	0.00335091617115511	0.0255436243343846	0	0.00259127345152423	0.00685711304672065	0.0203291241194185	0	0.505192266142614	0	0	0.019351181452491	0.00291409988277837	0.000848761755402257	0.0430813475282902	0	0.00674900282122466	0.0131008932899416	9999	0.330914290702298	0.964234174171356
TCGA-AB-2814-03	0.16485114873011	0.0587508568434914	0.0245221764018642	0.10387358832497	0	0.168235428602312	0	0.0569333320818735	0.00748264101086235	0	0.178477614858301	0	0.116671698970468	0.0466140641983577	0.00418581386639687	0	0	0	0	0.0170864537307171	0.0453242359053379	0.00699094647493748	9999	0.215695510313783	1.01027104195893
TCGA-AB-2815-03	0.0174722513971959	0.142460778208629	0	0.0532042532799353	0.0652886382301214	0	0.0177113666271046	0.0103116964214171	0.000309729460728173	0	0.0687657204637543	0	0.537604739454049	0	0.0119615979793185	0.0213143469320323	0.014075416805032	0	0.0240545429460617	0.0119527656250603	0.00351215616956089	0	9999	0.324038260379606	0.961324179764532
TCGA-AB-2816-03	0.109462283002736	0	0	0.187275526125783	0.0149429120499387	0	0.0198969831255702	0	0.0225917855766039	0	0	0	0.582328691212642	0	0.00257661888229513	0.0129435325675827	0	0	0	0.0191833236898869	0.00946969923618746	0.0193286445307736	9999	0.30612486101537	0.978490101576664
TCGA-AB-2817-03	0.348020066468396	0.0296029723428123	0.025942472385499	0.19782365605652	0	0	0	0.0199022056588274	0.077652580909224	0	0	0.0776779443540364	0.0733885308758954	0	0	0.0249342842228087	0	0	0.0943494042630439	0	0.0243644182267283	0.00634146423620842	9999	0.471261009743183	0.883451476073902
TCGA-AB-2818-03	0.154433719712701	0	0	0.0332151416150074	0.015357036243916	0.0396425332995654	0.0176275542529641	0	0.0152041197961084	0	0.0298955326825528	0	0.570644789881608	0.0189005983240951	0.00965382460453197	0.0185604521228192	0	0	0.00893824575165102	0	0	0.0679264517124795	9999	0.299100317071059	0.986806775713615
TCGA-AB-2819-03	0.273831181453099	0.0319154882534968	0	0.150152385196829	0	0.101793443659134	0	0.0872204154647004	0	0	0	0.0249362207577575	0.0788064950695024	0	0.00514314919317088	0.114937332822746	0	0	0.0954401594581994	0	0.0307985607700878	0.0050251679012764	9999	0.343799221910695	0.945266791155023
TCGA-AB-2820-03	0.0980030372754686	0.174308194761437	0.103685522883449	0.0619713117404174	0.208749147868041	0	0.0265905471548123	0	0.022585055440696	0	0.232850623083983	0	0.0180212264482319	0	0.000990768435211217	0.00804168756642008	0	0	0.0422680774576551	0	0.00193479988417824	0	9999	0.326121438910794	0.969910399472871
TCGA-AB-2821-03	0.29204469717367	0	0.143286935192091	0.102887318020102	0.141534298762299	0	0	0.00908665034505184	0.015302644854707	0	0.084852580697161	0	0.162825381831707	0.013147424783349	0.00525484450423475	0.00211870413586378	0	0	0.00615547783904149	0	0	0.021503041860722	9999	0.49306661225952	0.870929905008598
TCGA-AB-2822-03	0.229221923708692	0	0.191271921566068	0.0349951724222734	0.208659011723733	0.0592955979066867	0	0.017657912470912	0.00560701886699058	0	0.118728922495616	0	0.00709605931944224	0	0.0257584045456435	0.0204989883636477	0	0	0.0370452748729668	0	0.0366740985569723	0.00748969318035466	9999	0.316451031587319	0.977959005895633
TCGA-AB-2823-03	0.159238534398427	0	0	0.247850891652319	0.0331372752660524	0	0	0.0226456030816529	0.0156219898015673	0	0.0951014640527662	0	0.0774967950689514	0	0	0.0664185192219443	0	0	0.0863381815926573	0	0.0987725442320068	0.0973782016316545	9999	0.0480660798218477	1.07186512046302
TCGA-AB-2824-03	0.30132111647493	0	0.0848122675339569	0.113580955429537	0.0254296585920826	0	0	0.0125118040776616	0	0.0134417265130032	0	0.0142449082683384	0.384450184621747	0.0139050619581877	0.0196345206076931	0.0020147566565096	0	0	0	0.00527699352031893	0.00937604574603379	0	9999	0.42130564186923	0.913205828495117
TCGA-AB-2825-03	0.0607385436514886	0.0257981284951638	0	0.224851581728878	0	0	0.0116232922776173	0	0	0	0	0.00870835840972246	0.588229855425997	0	0.00270679555510353	0.0139516779889346	0.00162260556183448	0.00443615727723296	0.0293435548331919	0	0.0213313453017556	0.00665810349307951	9999	0.327494941675054	0.966014338293
TCGA-AB-2826-03	0.0907255740290404	0.00427311637987951	0	0.0793771739805285	0	0.0554661159472851	0.0118624169353206	0	0.023013683333013	0	0	0.00901954501927877	0.655831053708783	0	0.000918027273118234	0.018208815430313	6.33491127437113e-05	0	0	0.0258136149968396	0.00286377046548277	0.0225637433883736	9999	0.169503425831116	1.06421982622315
TCGA-AB-2828-03	0.164322957328295	0.000200023830128681	0	0.0850538486513454	0.0439659600566612	0	0.0243780801036314	0.00704694772094801	0.0145920535157494	0.0155808331081455	0.0084459453030301	0	0.568302887210904	0	0.00603168686617269	0.0149749475991184	0	0	0.0372320060807742	0	0.00987182262509638	0	9999	0.271527198755692	0.993776721762439
TCGA-AB-2830-03	0.243584376967901	0.0960293221956677	0.023779568548768	0.0992793415640092	0.209973652773771	0.065680773286805	0	0	0.0111646569141838	0	0.047231477007152	0.0228782379751173	0.0373723905234946	0	0.0223672622201361	0.104784056504064	0	0	0.00993135075862479	0	0.00594353276030567	0	9999	0.387397451802419	0.9295260538381
TCGA-AB-2832-03	0.195838732248131	0.419040861780779	0	0.0558432567120632	0.0798458339427296	0	0	0.0172615957424804	0	0	0	0.0461871997715721	0.111051720005412	0	0.0062918711550165	0.0151442479104078	0	0	0	0	0.0534946807314082	0	9999	0.413915722396402	0.934540289510662
TCGA-AB-2833-03	0.0316448265689688	0.0342656046159643	0	0.0381658788826926	0.029624233386272	0	0.0105420333944351	0	0.0164547321443411	0	0.0079063251378464	0	0.703495377943245	0	0	0.0194837891518207	0	0.00062535155263782	0.0870605227337386	0	0.00772671800752686	0.0130046064805111	9999	0.399694494886325	0.937120968838864
TCGA-AB-2834-03	0.0803175189092448	0.0440562182557268	0.0063300500796453	0.105916738840633	0.115876800116174	0	0	0.00400002894984788	0	0	0.00642327583634651	0	0.434738236653534	0.0226178885305786	0.0619783792107971	0.0101247328765097	0.0166019462087427	0	0.0219707237671791	0	0.022960765961395	0.0460866958036453	9999	0.21865986122465	1.00766250708694
TCGA-AB-2835-03	0.148104231178443	0	0	0.119536066158456	0	0.0571612229770842	0	0	0	0	0	0.0825158307959841	0.476261518284195	0	0.0212427542307643	0.0251979937211052	0	0	0	0.0484115982115438	0.0215687844424248	0	9999	0.195000588582951	1.02402438646026
TCGA-AB-2836-03	0.127780373116234	0	0	0.164499983164628	0.0172619891884509	0	0	0	0.020110809032733	0	0.0211082775328582	0	0.559087995985936	0	0.00372781054288696	0.0159436957513809	0	0	0.000282353751705827	0.0106614197723511	0.0221072099617929	0.0374280821990417	9999	0.262779623933748	1.00160096369592
TCGA-AB-2837-03	0.139067021214436	0	0	0.118873857415581	0	0.0155372594247849	0	0	0	0	0	0.0182697175954367	0.592373668687445	0	0	0.0179551354948579	0	0	0.0169125813647521	0	0.00808815821564117	0.0729226005870652	9999	0.253691089390006	1.01674111253712
TCGA-AB-2838-03	0.304770870205242	0	0.0421328225667651	0.129289114534049	0.0212833858386322	0	0	0	0.047869461117145	0	0.0343757464668992	0	0.126091493797464	0	0.0240030282652434	0.00421547964465383	0	0	0.197967196008754	0.056381231455459	0	0.0116201700996933	9999	0.399359213605555	0.920283147829581
TCGA-AB-2839-03	0.224727406293033	0	0	0.151473902907101	0	0.0727982165041895	0	0.0593665264714963	0.000551643578670956	0	0.0166419174720604	0.00780808602273087	0.158334060172934	0	0.00309748621232725	0.0746587468723303	0	0	0.165200175212112	0.000527023679287036	0.0606226988677516	0.00419210973397529	9999	0.195805706845961	1.00511614081423
TCGA-AB-2840-03	0.255071127445945	0.056418055321912	0	0.0966862564249627	0	0.0794273033755145	0	0.00834330496687785	0	0	0.0994766860825438	0	0.132154601849764	0	0.00345768408489875	0.206011607476951	0	0	0.00525551050709238	0	0.0380452319218178	0.0196526305417209	9999	0.0676032829563	1.06915780125887
TCGA-AB-2841-03	0.143745995254992	0.0156210233279579	0.0658948194278265	0.1073116426952	0	0.0663834757803204	0.0535552608104684	0.0712702033712399	0.00382744256775637	0	0.289486551348245	0	0.0135250620611368	0.00999240922769473	0	0	0	0	0.128084753254399	0	0	0.0313013608727624	9999	0.0549537520998265	1.10179007793724
TCGA-AB-2842-03	0.181683567933335	0	0.00524833121468793	0.0917678667046819	0.0396423181407569	0	0	0.00203370808452033	0.00393861278880898	0.0156221419170471	0.031668990509446	0	0.53195935479231	0	0.0148311981888417	0.0171801372689784	0	0	0.0196588545665774	0	0.0334050036991489	0.0113599141908594	9999	0.157705413224966	1.04988961068412
TCGA-AB-2843-03	0.219285118296358	0.0906123366327762	0.0461469486181883	0.148326762376988	0.0148155891899827	0	0.0339590474977028	0	0.0428809627978285	0	0.0499571454829299	0.00225520259746057	0.171672935624836	0.00639106313159235	0.0370318430934733	0.0236486465649201	0.00575536768284218	0	0.0834152238580317	0	0.0225618992560365	0.00128390729805305	9999	0.445987371419591	0.894305584092715
TCGA-AB-2844-03	0.196528425559318	0.0905580580343841	0	0.160311955047608	0.0370723197580093	0	0	0.0118192616915139	0.0151563249219328	0	0.0169427484241608	0	0.350654367477856	0	0.0129944598655754	0.0170072244871035	0.00274937706468881	0	0.07944250838927	0	0	0.00876296927857932	9999	0.246446759684211	0.993765892948732
TCGA-AB-2845-03	0.298054743722855	0.0650562501024939	0.157812542702928	0.0799682240618067	0.0281343250511964	0	0	0.0529554671442689	0	0	0.0301503879719019	0.00316180914060532	0.172655074089971	0	0	0.0477088880296493	0	0.00103779619212494	0.0439841973591357	0	0.0178163884141297	0.00150390601693289	9999	0.524882078417781	0.852123922381183
TCGA-AB-2846-03	0.231647445857755	0	0.0476713031626899	0.117348272075891	0	0	0.0236611702282246	0.024542684000266	0	0	0.0450995468891428	0	0.429359005357865	0	0.00422473352490688	0.0193982086913166	0	0	0.0383387089632682	0.0135944939807285	0	0.00511442726794574	9999	0.374508155351344	0.933590165906184
TCGA-AB-2847-03	0.119887274903286	0	0.22185332707517	0.0978873257095325	0.0942538767559912	0	0.00463501548294089	0.0579360228044753	0.0575219766532327	0.0138320583237779	0.122847721194149	0	0.00890380330981412	0	0.00106619724835326	0.0564315512922994	0	0	0.136899647825232	0.00604420142174553	0	0	9999	0.429985323010053	0.907200616860281
TCGA-AB-2848-03	0.260445142966893	0	0	0.103988128400898	0.0961458367121192	0	0.0183538026517343	0	0	0.0178121115983215	0.00335196375789757	0	0.386003887628516	0	0.00644388835631495	0.0318904289134101	0	0	0.0415528272495214	0	0.000379837107944427	0.033632144656429	9999	0.166105752007055	1.03595832058215
TCGA-AB-2849-03	0	0.0350239012895957	0.370504145620135	0.057955414713101	0.205162029432876	0	0	0.1190225676094	0.063300490010169	0.0520097088984496	0.046301273816007	0	0.0110620659916878	0.0043374743207795	0.00311786575588552	0	0	0	0.00701932373935421	0.00208069544825829	0.0204772089274197	0.00262583442688215	9999	0.414919676019962	0.943587963339418
TCGA-AB-2851-03	0.127443146184351	0.00881820095107645	0	0.0922711174163896	0	0.0882398094102837	0	0	0.0259043579849992	0	0	0.0271756672295501	0.574558793358302	0	0.00227412490418269	0.0129900321130314	0	0	0.00288693229539645	0.00672101648159317	0.00868983691003812	0.0220269647608069	9999	0.274433050030005	0.995476164459723
TCGA-AB-2853-03	0.255575853140863	0	0.0153109856337131	0.177599967910564	0.0738194836888486	0	0	0	0	0	0.00896703578904191	0.0136430216523412	0.279327977167688	0	0.00388744733647716	0.0795784468917434	0	0	0.00646803657841617	0.0106935459868509	0.0751281982234514	0	9999	0.176981745695639	1.02321712426644
TCGA-AB-2854-03	0.170194127864769	0	0.105267565965072	0.246531317488204	0	0	0	0.0328066968022348	0.0502848674014037	0	0	0.0215864600077515	0.233449604221431	0.00703421057398812	0.0173158771523151	0.0121581103142632	0.0059692148522761	0	0.0655030331571067	0	0	0.0318989141991863	9999	0.400734797491967	0.917486939339522
TCGA-AB-2855-03	0.379750266865463	0	0.0263503939610099	0.0373381961664112	0.147502177261021	0	0	0.0166515745587746	0.0237330113710783	0.0874793323028789	0.0064220577925616	0.0319464413360524	0.0275640395831076	0.000254796257351063	0	0.0268680531431356	0	0	0.0776180185705438	0	0.110521640830611	0	9999	0.29207113376077	0.983444877015931
TCGA-AB-2856-03	0.424529911954019	0	0.11642790671937	0.0664973526245285	0.0414617240447041	0	0	0	0.0308870163574796	0	0.00113833584320542	0.026576918925086	0.204392563955608	0.00318536296424117	0.00574314501549197	0.0151250388767239	0.00055791597932496	0	0.0395667637653692	0	0.0128001017205794	0.0111099412542693	9999	0.483881391487589	0.882483506369235
TCGA-AB-2857-03	0.256103870693845	0	0.0825422772445017	0.0744908877874752	0	0.115718284280805	0	0.029828530929489	0.0450495029004764	0.0291792377942151	0.0596495346743952	0	0.00952083587516203	0	0.0242595516840709	0.000800644218251343	0	0	0.230640718782491	0.0187350250362714	0	0.0234810980985503	9999	0.420724576821668	0.909502505498076
TCGA-AB-2858-03	0.102024172863577	0	0.0436591821348108	0.0295767177371903	0	0.290234921952325	0	0	0.0267064865272808	0	0.0547892729568672	0	0.072713735991636	0	0	0	0	0	0.352090721686309	0.0194997263216568	0	0.00870506182834728	9999	0.229227658817088	1.00447141328172
TCGA-AB-2859-03	0.0929477346456688	0	0.0546691534536742	0.149315766671463	0.153791671039619	0.217912974687181	0	0	0.0595143977554944	0	0.108674463825069	0	0.114774014254502	0	0.0248606952238809	0.00247099051772829	0	0	0.00288334126365884	0.00859887445910172	0.00268466506446787	0.00690125713849058	9999	0.190276371879641	1.034511060288
TCGA-AB-2860-03	0.280671009534459	0	0.250385688481864	0.146294380390791	0.058723598709973	0	0	0.0250250883600571	0.0174596152308154	0	0.0580969340470423	0	0.0672071617633474	0.00251627907763257	0.0188644971057529	0.029328836847155	0.00115761817839532	0	0.0202979514956878	0	0	0.0239713407770278	9999	0.510631398975329	0.867314366682661
TCGA-AB-2861-03	0.360962859682112	0	0.0613590471152599	0.145873008848504	0.00774574692919839	0	0	0	0.000993716792908669	0	0	0.0818798121643059	0.18331777755853	0	0.027640749722075	0.0855445964871021	0	0	0	0.0398149009748112	0.00311840845944094	0.0017493752657526	9999	0.342474745192335	0.957242716749384
TCGA-AB-2862-03	0.31661507191724	0	0.0477835162833893	0.120917606201055	0.174522518782505	0.0243428430790058	0	0.0492340378904819	0.0740975538681812	0	0.116467506063313	0	0.0127001372708022	0	0.00282544602995	0.00665669789940115	0	0	0	0.041520703085657	0	0.0123163616290189	9999	0.187439208574653	1.04983276193732
TCGA-AB-2863-03	0.285726412182011	0	0.152705598733505	0.209628606496449	0.0249700491379891	0	0	0.00905791680274996	0.0857827981045443	0	0.00503759585620348	0	0.0438688165626436	0.00706544632615821	0.0681903961303471	0.00878602786262333	0	0	0	0.0411052084100558	0.0367698474898279	0.0213052799048923	9999	0.450540520437121	0.898426165949996
TCGA-AB-2865-03	0.00243582612718171	0.105151622116263	0.0733474150464799	0.0439737657760665	0.00676004347703161	0	0	0.00207280492976323	0.0517380372152164	0.00211025570189376	0.036524343781653	0.0206557489477043	0.565127461605733	0.000968640907203743	7.85530411627037e-05	0.0112190741863335	0	0.000925397217804268	0.0359136601452461	0	0.0128824469048408	0.0281149028724226	9999	0.255654954243477	1.00365532987885
TCGA-AB-2866-03	0.048391677032426	0	0	0.195071186034531	0	0.0357536747346077	0	0	0.023995801334999	0	0.0352483270860235	0.0152053612227037	0.525210472015016	0	0	0.106032505188604	0	0	0.00320161747295016	0	0.0103506118945873	0.00153876598355133	9999	0.229050234696554	1.01270353433942
TCGA-AB-2867-03	0.200423267398183	0	0.0145790932462839	0.171645796158818	0.00112624843552235	0.0891024730227939	0	0.000210436536165979	0.0963916027194227	0	0.0909284656494637	0	0.236701616183759	0.0105479942624454	0.00212590811221483	0.0176998578887478	0	0	0.0319300638161666	0	0.00830796824560034	0.028279208324412	9999	0.387183219590704	0.924217363097335
TCGA-AB-2868-03	0.111161336085184	0	0.194602759501782	0.0503812813613559	0.0892316365304331	0.165553136012227	0	0.0241202897496222	0.010966511443431	0	0.100911586902533	0	0.0838505742846255	0	0	0	0	0	0.141235416841781	0.000605583936818665	0	0.027379887350207	9999	0.371866374059766	0.935415765877197
TCGA-AB-2869-03	0.195831544723899	0	0.175277863264348	0.133828851475699	0.15503100836731	0	0	0.0371913014605647	0.0593460337355303	0	0.126591931704801	0	0.0135377761551867	0	0	0	0	0	0.0976205032215985	0	0.00291784841728767	0.00282533747377512	9999	0.37539242546793	0.942901497594601
TCGA-AB-2870-03	0.146328963337395	0.0053300486768191	0.0143844162721151	0.140747007782306	0	0.156086129719749	0.0160673274026285	0.0119612240061743	0.0280517657184233	0	0.0497164089898273	0	0.353424776601561	0	0.00445111014003959	0.0134750520235746	0	0	0.000534104684259984	0.0300602275076034	0.00282379626951446	0.0265576408680097	9999	0.294697484965665	0.969120386471392
TCGA-AB-2871-03	0.113114080724417	0.0254572497890532	0.0484074334467781	0.250604139834709	0.114526385319554	0.153208438038805	0	0.0088455772607241	0.0522504867574106	0	0.150708445721976	0	0.0343079091262119	0	0.00279108571763991	0.0158595486615804	0	0	0	0.0286884057676092	0	0.00123081383353202	9999	0.318924082707183	0.977673116232168
TCGA-AB-2872-03	0.468815200978956	0	0.103902077559393	0.0121131752956597	0.0844111468267088	0.060926978839614	0	0.0195859168603008	0.0141442132644962	0	0.0536479882565025	0	0	0	0.00311968875725086	0.00236441627564445	0	0	0.0943359057581512	0	0.0717079039718601	0.0109253873554621	9999	0.225524522039895	1.05290691307333
TCGA-AB-2873-03	0.114322876690597	0	0.0443094849193854	0.0981215992026761	0.0254027339779836	0.00546778697916755	0	0	0	0	0	0.0277649888652129	0.659966876472403	0	0	0.019723412514364	0	0	0.00145175483538589	0	0	0.0034684855428245	9999	0.251551836705434	1.019721248338
TCGA-AB-2874-03	0.249550238678948	0	0.106584795826373	0.148319697151479	0.00106799709364886	0.0402178759041644	0	0.0161074766566373	0.0566235821991102	0	0.0303919885985164	0.0342154664541472	0.157612854214075	0.00233483276586262	0.00833341440727492	0.0185463688792599	0	0	0.019228510908161	0.0900314154903175	0.0104778615577421	0.0103556232142831	9999	0.371785482396814	0.935433261980389
TCGA-AB-2875-03	0.204956682013364	0.0103088326528328	0.0479876916449784	0.0201566497875596	0.209319501329484	0.0824421248634417	0	0.00313106403391414	0.0294661320521416	0	0.131661101158015	0	0.0972435891621453	0	0	0	0	0	0.157548459970707	0	0.00577817133141647	0	9999	0.252852535848312	0.98945679859631
TCGA-AB-2876-03	0.0350943083240741	0.114978098212637	0	0.072971227997988	0	0.12073364386347	0	0.0124922566242541	0.0208663104521507	0.00758801968812269	0	0.021883246280362	0.120873338488866	0	0.0119258197597726	0.017552958195782	0	0	0.422027731410695	0.0147867495005191	0	0.00622629120130702	9999	0.233673614125731	1.00568507567296
TCGA-AB-2877-03	0.0681087531008958	0.0179176528984403	0.106615366137834	0.159695348886473	0.308674504111737	0	0.0448947453535736	0.0334708529832623	0.00671900870136068	0.00499949834029485	0.0851214666285158	0	0.0121855777978862	0	0	0.0700048438513513	0	0	0.013114148132266	0.0462551108267763	0.00922731833330293	0.0129958039160312	9999	0.0901163742029592	1.07498237449002
TCGA-AB-2878-03	0.294058511478513	0	0.233486133010836	0.0481994536144188	0.0349789200505651	0.142656073999365	0	0.0143691695189496	0.0349914225083341	0.0253137600894652	0	0.0268791433342684	0.0311810639015521	0.00309264040485626	0.0361381334127212	0	0	0	0.021119488382209	0.0415181478227506	0	0.0120179384711958	9999	0.523155436691414	0.85767162701658
TCGA-AB-2879-03	0.190204094698394	0	0.103614407076911	0.134135458032073	0.0894411891051627	0	0	0	0.00892887794127942	0	0.0630047500460212	0	0	0	0	0.0760774048758725	0	0	0.192372318433868	0.0178614472739067	0.119815521628646	0.00454453088786635	9999	0.145108622762235	1.03593437476212
TCGA-AB-2880-03	0.0219806263599106	0.169935279808392	0	0.125999946412216	0.0196956295016585	0	0	0.0143755181654776	0.0281290598568568	0	0.0638818236774254	0	0.431798846653645	0	0.00214743239843458	0.0224853497531709	0	0	0.0836692245050237	0	0.0159012629077888	0	9999	0.242159540737753	0.993295915131605
TCGA-AB-2881-03	0.252499202617747	0.0140751721117448	0	0.119692161500143	0.0992704617712995	0	0	0.00457184349099138	0.00752256766927899	0	0.034546582504492	0	0.362791018947871	0	0	0.0339075870327303	0	0.000144666499246015	0.0582859981904176	0	0	0.0126927376640389	9999	0.385041960382853	0.926569423450929
TCGA-AB-2882-03	0.0103656320827761	0.0108234020445612	0.093866911692306	0.0350272043552565	0.0900779598603115	0.110502505185254	0	0.0753178495531204	0.017060683416943	0	0.2613070641035	0	0.189455138336002	0.00056050972813208	0.000881710577895752	0.0192980910177369	0	0.00137418036003217	0.0840811576861728	0	0	0	9999	0.164320630795737	1.03351796688995
TCGA-AB-2883-03	0.154074554923855	0.161007467837125	0.26556888268125	0.114295571999205	0.0407098341525245	0	0	0	0	0.00421322786968793	0	0.0562212631419596	0.0772124063261121	0	0	0.0565580054812485	0	0	0	0.00581210872287121	0.0643266768641613	0	9999	0.505734497150632	0.874167847948328
TCGA-AB-2884-03	0.305578826277228	0	0	0.239613077840374	0	0	0	0.000544614055547913	0.0208274991457906	0	0	0	0.37034388195948	0	0.00311224075361553	0.0115829627418878	0	0	0.011002351140169	0	0.0373945460859079	0	9999	0.37781212942918	0.934277762887237
TCGA-AB-2885-03	0.198000790729809	0	0.0759037269965752	0.20221824976678	0.00917714206838178	0.0724614230191807	0	0	0.0443077952526077	0	0.041563844318311	0.0543192706423891	0.0146453243857483	0.00739566749965235	0.0026558944761593	0.0139654023051905	0	0	0.260942950697614	0	0.0021381684891714	0.000304349352429303	9999	0.305376230388216	0.970551005062128
TCGA-AB-2886-03	0.328168805730813	0.0220666730770693	0	0	0.189954714155674	0.0591712107371768	0	0.0517270272815985	0	0	0.0828242216639329	0	0.0341297357262201	0	0	0.0550036653827977	0	0	0.173666065505674	0	0	0.00328788073904284	9999	0.223129166375465	1.01072972774407
TCGA-AB-2887-03	0.269744031120176	0.0296489498137611	0.0865649712454642	0.105270953398693	0.231198274767708	0	0	0.00828328745996645	0.0355488369954454	0.057612261398308	0.0554865379699626	0	0	0	0.00136946793400005	0	0	0.00232478421973969	0.0507468117935724	0.0657793693624205	0	0.000421462520782479	9999	0.405252379332484	0.924778809880691
TCGA-AB-2889-03	0.10519233330989	0.0844140610987996	0	0.107332323356741	0	0.109358532916167	0.0184124431927144	0	0.016409011406445	0	0.0918634939954191	0	0.381920362883011	0	0.00702880205368447	0.0221806056762939	0	0	0	0.0556391791005461	0.00024885101028829	0	9999	0.298426645058342	0.966516520650986
TCGA-AB-2890-03	0.134746125989845	0	0.0655588435952783	0.142027613330034	0	0.176306017811347	0.0141214506206786	0	0.0409629681722328	0	0.145717824381276	0	0.207767867466417	0	0.000121097926780563	0.00474572341281377	0	0	0.0597210988660347	0	0	0.00820336842726226	9999	0.402680606393054	0.916630976753256
TCGA-AB-2891-03	0.273127622982338	0	0.235141952487868	0	0.128975796864632	0	0.0120019007039893	0.0193038367635274	0	0.0575802298331712	0	0.00659703602990882	0.170823839724667	0	0	0.021880150050535	0	0.000760571859962355	0.0472174198052047	0	0.0265896428941956	0	9999	0.503081605150752	0.868664514535401
TCGA-AB-2892-03	0.0975166879192559	0.0442776221154309	0.00468327242337238	0.130732473353071	0	0	0.0205104951963269	0.0139589267632391	0.0213376272668452	0	0.0585129544143767	0	0.43185911528186	0	0.00599519540287211	0.0130842902206086	0.00463838934175381	0	0.0497454626112042	0.010382260978778	0	0.0927652267110058	9999	0.296513290882851	0.973293421746093
TCGA-AB-2893-03	0.125311817403022	0	0.00209250346148292	0.121922043560689	0	0	0	0.0176710498315049	0.0171564951021445	0.00467037273248373	0	0.0772138175245131	0.463912668732957	0	0.0372711185895574	0.0162474979598933	0	0	0	0.101394335729843	0.0151362793719098	0	9999	0.139941304856551	1.04908673951538
TCGA-AB-2894-03	0.0559095097579061	0.123299702753045	0	0.203336880964957	0	0	0	0.00976314246050691	0.0232915951144444	0	0	0.196005185057778	0.0866751982453517	0	0.0141969724828229	0.139104438401548	0	0	0	0.0791923881552365	0.0692249866064044	0	9999	0.233434873784626	1.0071243795967
TCGA-AB-2895-03	0.333005048038036	0	0.0695217563046731	0.151036274854572	0	0.197964819323182	0	0.012418890582638	0.0482863086145843	0	0.0514192976188281	0.00469280919749466	0.030997140953403	0	0.00204455966437815	0	0	0	0	0.0779332485884062	0.0198765322846965	0.000803313975107489	9999	0.138015831990811	1.07443111508158
TCGA-AB-2896-03	0.24085203700325	0	0	0.147345402181602	0.0530636880806579	0	0	0.0443014449049927	0.0221478056798685	0	0.0146503556510923	0.000131848057088836	0.316860090004076	0	0	0.0672348986072817	0	0	0.0427367951474352	0.0219452188375972	0.0174111732748407	0.0113192425702178	9999	0.144384917879579	1.03593704592074
TCGA-AB-2897-03	0.308173021363189	0	0.0398455640319403	0.0282195782725557	0.0834893000106127	0.193300177679674	0	0.0438372531943601	0.0218222887649446	0	0.0676985916205117	0	0.00406793157234312	0.0295223335014774	0.00162819956771998	0.00223632380488823	0.0130844628566511	0	0.115071481362977	0	0.0451890743308211	0.00281441806533316	9999	0.133505955482753	1.05549376669322
TCGA-AB-2898-03	0.316666023838163	0	0.0703809357087797	0.0550867344964353	0.00866376634046364	0.146709776809436	0	0.0195251539976967	0.0585239726506357	0	0.0459688318615007	0.0220089126667097	0.071954706618556	0	0.00141937470588617	0	0	0	0.0106142197912089	0	0	0.172477590514529	9999	0.367759174617497	0.945038315555692
TCGA-AB-2899-03	0.400875644964038	0	0.165964678191848	0.0668106322449615	0.0303140214448797	0	0.0228670594740512	0	0.0242789914291808	0.00891735936164518	0.0676396832047341	0	0.153713705175614	0	0.0079965838792635	0.02367506250884	0	0	0	0.0139252365299586	0.00132712300874592	0.0116942185822394	9999	0.507060475651749	0.869262302001261
TCGA-AB-2900-03	0.0618504367846145	0.0663463261281142	0	0.132241115442827	0	0	0	0.0297403196173627	0	0	0	0.0372897420686836	0.365742205826016	0	0.00355658292398886	0.088603376175028	0	0	0.155913720076984	0.0141363552764564	0.0266890212517333	0.0178907984281918	9999	0.233882014436164	0.992280921945258
TCGA-AB-2901-03	0.101887304328626	0	0.0989284609583894	0.187614969021578	0	0	0	0.0326359175030535	0.0388010720420337	0	0.102867602652877	0.00160643310415691	0.0294124630408652	0.000425907406314081	0.000261287875582473	0.00129007622569001	0	0	0.390335743760639	0	0.013932762080195	0	9999	0.219307901703685	1.01733838886142
TCGA-AB-2903-03	0.104646280089924	0.111637164782373	0	0.0986986019938677	0	0.105938074537125	0	0.0187701232090664	0	0	0.010068470532249	0.00306727031218236	0.104724412716893	0	0	0.183306451747842	0	0	0	0.239088691819761	0	0.020054458258718	9999	0.130652242619742	1.04266003497073
TCGA-AB-2904-03	0.148993072973317	0	0.29562410629331	0.0323113710994683	0.0394156170864999	0.227005220564038	0	0	0.020609957788579	0	0.0826023972779638	0	0	0	0.00278448042426285	0	0	0	0.149742232713965	0	0	0.00091154377859683	9999	0.460702141545727	0.899128370379041
TCGA-AB-2908-03	0.141053771394832	0	0.329087341841118	0.156801026091815	0	0.0394234819129908	0	0.10714839499551	0.0620006531413941	0	0.0545590146865662	0.000955838160078317	0.0884933287394082	0.000657230896070997	0	0.00420055153262286	0	0	0.0132836594214214	0	0	0.00233570718617165	9999	0.483776903368609	0.890367385496564
TCGA-AB-2910-03	0.251478858286936	0	0	0.0990999908044219	0	0.0263094491148391	0	0.0244298536691189	0	0	0	0.0856187604016807	0.402573992210458	0	0.0312526514964554	0.0266931292229857	0	0	0	0.0404605993234319	0.0120827154696729	0	9999	0.170544990451657	1.03527065780352
TCGA-AB-2911-03	0.155007550956916	0.0575248086050081	0	0.243729850074601	0.0587210028612589	0	0	0	0.0200723553723389	0	0	0.0303033072104054	0.345655418500312	0	0.00697634060499076	0.020949126789987	0.00460210190030059	0	0.0356580077307077	0.00541760216480339	0	0.0153825272283701	9999	0.325925365741995	0.955365896794406
TCGA-AB-2912-03	0.0655541338485383	0.0774393886579858	0	0.148748257666798	0	0	0.0138265999150166	0.0068008476352668	0	0	0.00840654852219042	0	0.500009738438121	0	0.0204652368399499	0.0223302371199148	0.00990487052963708	0	0.0890680757266352	0	0.0374460650999464	0	9999	0.199444598549293	1.01800125418885
TCGA-AB-2913-03	0.417611733139689	0	0	0.096469558522786	0.162584048713942	0.0139853917005857	0	0.0286898592090226	0	0	0.0108759250850309	0.00720543067517407	0.0735294887831401	0	0.00466165114151327	0.081273877452387	0	0	0.0364227082093133	0	0.066690327367416	0	9999	0.25528037041389	1.00482711794522
TCGA-AB-2914-03	0.242117806264319	0.0874104162852419	0	0.136067062985994	0.0175760109457468	0.0323764244020507	0	0	0.0210288792685734	0.000556851091088514	0.0223847684973788	0	0.333666027661275	0	0.00374266139172358	0.0190371625834762	0	0	0.0415492801187744	0.0300782645377451	0.00610328759841376	0.00630509636819924	9999	0.401076047860582	0.919255169233646
TCGA-AB-2915-03	0.148378001330347	0	0.0774593806855941	0.246053307833147	0.00255280114296582	0	0	0.018900690210871	0.0169034738769533	0	0.0338916441063346	0.00374196903990816	0.332495910831652	0.00178820265115167	0.00456780805890047	0.0182626254958471	0	0	0.024240090163885	0	0.00358460438734428	0.0671794901850984	9999	0.336601921290619	0.951202882945042
TCGA-AB-2916-03	0.0543133162757164	0	0.00708582922699462	0.0844245714898565	0.0793153462592691	0.0523673546379068	0.00187556331384978	0	0.00233789966531918	0	0.0196841214168911	0	0.637220972736722	0.00582982866428084	0	0.00164640985256317	0	0	0.0336515877358885	0	0	0.0202471987247418	9999	0.366399189688822	0.949596519447315
TCGA-AB-2917-03	0.114709531255663	0	0.0346186333337763	0.328113386955507	0.119575173443061	0	0.0120647628637745	0.00840012406784817	0	0	0.00274133252352558	0	0.303352703135072	0	0.00425468717080695	0.0145760881576032	0	0	0.0122089734208648	0.0243973664230213	0.0129036855269614	0.00808355172251483	9999	0.322001683672064	0.958229094264998
TCGA-AB-2918-03	0.348849834921914	0.0525348044595463	0.00119071603669256	0.100122927948791	0.0273196023300552	0	0	0.0163704422027361	0.0213539099326207	0	0	0.0146050632922422	0.233403250909671	0	0.00401750437901486	0.101355366402843	0	0	0.0521983274018816	0	0.0260790784493395	0.000599171332651929	9999	0.347590223212593	0.950096291988825
TCGA-AB-2919-03	0.231822358925043	0	0.118851623417419	0.178730322446903	0.238727944989196	0	0	0.014871634043321	0.0260783710910097	0	0.0517479925748573	0	0.0136512349622788	0	0.000959606487971422	0.0134978134393073	0	0	0.0485452615543677	0.0464365661412251	0	0.0160792699270995	9999	0.399828926618422	0.926421623346296
TCGA-AB-2920-03	0.346678984300439	0	0.260929289134886	0.133920805080961	0.0554028951634403	0	0	0.0325772904904103	0.0572742918107686	0	0.0533190728908313	0.00602236226804778	0.0101005956495563	0.00418030711178202	0.00412554622889077	0	0	0	0.00912144758546607	0	0.0263471122845207	0	9999	0.540139800356111	0.856499094109192
TCGA-AB-2921-03	0.20252698282045	0.117538917170115	0	0.121708758232981	0.0451372376779964	0.00308496455782552	0	0.000352704378876807	0.0337660216174694	0	0.00515501587749391	0.0219651787579164	0.332740545551248	0	0.0119756407549096	0.0215988265221909	0	0	0	0.0615433181351044	0.0106109220994431	0.0102949658459791	9999	0.273682117673535	0.983630326047827
TCGA-AB-2924-03	0.023379887324371	0.106883952868427	0	0.0922915904364051	0.0333350694183998	0.0555604217973924	0	0	0	0	0.00121149420091574	0.013610886384737	0.618532578222675	0	0.00100596627010326	0.0150651596233583	0	0	0.0113319369177015	0.00161576102726478	0.00928523506465951	0.01689006044359	9999	0.241956837430309	1.01793064894564
TCGA-AB-2925-03	0.22296500185006	0	0	0.109053068147132	0	0	0	0	0	0	0	0.0484877119303404	0.490038995286039	0	0.0205052747774809	0.03086000175446	0	0	0	0.0456166682491392	0.0324732780053477	0	9999	0.23278949889311	1.01022597705054
TCGA-AB-2927-03	0.230958868626807	0	0.129047634334343	0.121087043357262	0.0710622242259548	0.0269369363410395	0	0.00331964737576046	0.0322886561239411	0	0.0905960361278622	0	0.2211103558173	0	0.00987882904108923	0.0323044156534108	0	0	0.00163441746215241	0.0135265667126267	0.0162483688004509	0	9999	0.432330741468832	0.90334151236119
TCGA-AB-2928-03	0.0802835890604944	0.198757657167029	0	0.142201082700712	0.209555287022375	0	0	0.0175900277388592	0.101800466809238	0	0.162174106384932	0.0203685805422529	0.0168513509219215	0	0.00458291412593933	0.00759440948403295	0	0	0	0.010283614823473	0.0279569132187402	0	9999	0.17176754059191	1.05515054891478
TCGA-AB-2929-03	0.171931105196288	0	0.133052428721475	0.0234819688826026	0.18146548674804	0.0826502383936122	0	0	0.0284696478688338	0	0.0403513010342744	0.0340231348109432	0.102377708203666	0.0111157388127275	0	0.00480605728807221	0	0	0.164226139071372	0	0.0133118567384617	0.00873718822963126	9999	0.48924679349044	0.871800422674142
TCGA-AB-2930-03	0.245483225706986	0.238438807894746	0	0.13984743098231	0.0174148907535739	0	0	0.000794835357448651	0.0253687587853699	0	0.0447791651894691	0	0.122082050761341	0	0.0101693117219243	0.0733301195368556	0	0	0	0.0645230744510219	0.0100114267428956	0.00775690211605735	9999	0.270272885312328	0.998869644435724
TCGA-AB-2931-03	0.288056844736536	0.00431003659646133	0	0.25529997480829	0.0527569079741199	0	0	0	0.0593591382979121	0	0	0.0347805532477622	0.15963962968157	0	0	0.0224887127439227	0	9.46962591488344e-05	0.0694814905012419	0	0.0228726928333301	0.0308593223197055	9999	0.148750753742003	1.04402124598288
TCGA-AB-2932-03	0.0733218162490426	0	0	0.207849890925199	0	0	0	0	0.0165150328785074	0	0	0.0696775343125802	0.562258923586185	0	0.00302898294187895	0.0126508766358387	0	0	0	0.0400182945859357	0.0143473613981113	0.000331286486721801	9999	0.178877000851645	1.04344175034188
TCGA-AB-2933-03	0.291741799278433	0	0.0159958556324226	0.0920651539679108	0	0	0.0195059527885591	0.000754059763447072	0.0137930041724332	0	0.0383361275850691	0	0.489303797871943	0	0	0.00380840140251925	0	0	0.0206014646920583	0	0	0.0140943828452043	9999	0.486516219179229	0.874374842805796
TCGA-AB-2934-03	0.0811421794668815	0.071020690689	0	0.0575459105207346	0.0545637072754412	0.0456940127852693	0.0196114797302711	0	0.0190560169898149	0	0.024435621272496	0	0.526649760888526	0	0.00313584594536236	0.0167794083655996	0	0	0.0510677606337569	0	0.00163180063341257	0.0276658048034339	9999	0.317235535849666	0.965770315034757
TCGA-AB-2935-03	0.0795090433112746	0	0.162619036516629	0.168498165867946	0	0.00625945481948056	0.0189386130433538	0.0183950841250204	0.00857847044439398	0	0.132347137742942	0	0.289620218015398	0	0	0.00672579381519303	0	0	0.0986671093935511	0	0	0.009841872904818	9999	0.32426640822101	0.95624520173322
TCGA-AB-2936-03	0.273925049700814	0	0.123076860383578	0.00836471092346706	0.133963955646286	0.16625179524316	0.0189296653468537	0	0.0530833175544663	0	0.124018962274965	0	0.0743948232664113	0	0	0.0144715925428901	0	0	0.00605797191568241	0	0.00346129520142592	0	9999	0.525716512124947	0.850087294939355
TCGA-AB-2937-03	0.198772783189758	0.154663882874865	0	0.0502640014882248	0.0181688354366182	0.169507160664064	0	0.00755366894283871	0.0623353670333816	0	0.0988585560292504	0	0.0466309837845159	0	0.0177527775427361	0.0347424777269403	0	0	0.0834773442713895	0.0187556443787163	0.0385165166367016	0	9999	0.318300382552032	0.961047850567923
TCGA-AB-2938-03	0.162346465987365	0	0.211414231056729	0.125286688670785	0	0.258418878834897	0.0163907551303445	0.0468799525534895	0.0227236678581062	0.0393021411176858	0.0213459840716842	0	0.0140077324145415	0.00772317121758077	0.0224450047437442	0.00214287827015961	0	0.000666876214600639	0.0211594607856389	0.0134093484009765	0.00968572260188947	0.00465104006978185	9999	0.400781962540475	0.930953471699547
TCGA-AB-2939-03	0.460783319102192	0	0.00671769262081993	0.0667165545531722	0.0602316723676165	0	0	0.0149346892526964	0.0224413462373063	0.0219566581299401	0.0123056100614748	0.00616876074256336	0.114353936428801	0.0149873374316037	0.00895390823336495	0.00978352976556046	0	0	0.146137586656355	0.0175814815430119	0.0159459168735217	0	9999	0.423339565677556	0.914309341072477
TCGA-AB-2940-03	0.228723027111159	0	0.114494768148199	0.00382369860908879	0.0351669221792387	0.114457178498265	0	0.00461842964732376	0	0	0.0430211179001387	0	0.279216863892591	0.00569029952923578	0	0	0	0	0.153229113865505	0	0	0.0175585806192559	9999	0.426696634414288	0.905251258935079
TCGA-AB-2941-03	0.215079806689212	0.0187238669834154	0	0.0496073745052223	0.123053566846286	0.196759690887578	0	0	0	0	0.0794186795565781	0	0.0637774975703372	0.00406600665540187	0	0.0194718525998461	0	0.000296381816924566	0.160125721713528	0	0	0.0696195541756703	9999	0.174315900506754	1.02310956749057
TCGA-AB-2942-03	0.11969907459267	0.206269039430486	0	0.0965345733008158	0	0.046376806959143	0.022117236759111	0	0.020986526710614	0	0.0942024735030303	0	0.281779026001346	0	0.00396183069689938	0.0156508214121469	0	0	0.00827027119326979	0.0317245195321636	0.0519645163679096	0.000463283540394166	9999	0.424807960637975	0.905409791197506
TCGA-AB-2943-03	0.12034018383268	0	0.156719248783907	0.00812276292758977	0.165601390823162	0.202489037878186	0.00307088143804267	0.0264242151762734	0.0337401299017071	0	0.175619003341244	0	0.0767391571810146	0	0	0.00888740902418947	0	0	0.0135212110507051	0	0	0.00872536864129853	9999	0.380197376820572	0.935455607959295
TCGA-AB-2944-03	0.0201736787732461	0.176401890207539	0.202163109017762	0.0885887735625784	0.0432015353518826	0.00262921110052204	0	0.00838376912232052	0.0125753550246184	0	0	0.0456601439285086	0.0527785105765107	0	0.0178384404090517	0	0	0	0.122955913412013	0	0.0566349335929947	0.150014735920452	9999	0.388513389152283	0.930460610919816
TCGA-AB-2946-03	0.149460787038052	0.0961864134785406	0	0.117758709930015	0.00971617089534119	0	0	0.0220322617563221	0.00165359567741096	0	0.0161823204583857	0	0.523061536000623	0	0	0	0	0	0.0396082791394204	0	0.0243399256258891	0	9999	0.281380124759994	0.987533555616944
TCGA-AB-2948-03	0.0801275765694215	0.0195727785481461	0	0.064614871066089	0.0267317573735816	0.0243795511446173	0.0194653964705001	0	0.0158878337404469	0	0.0308049483967616	0	0.611033253966662	0.0243362785774291	0.00273961403220923	0.00843076980243222	0	0	0.0694414211504807	0	0.00243394916122221	0	9999	0.210059363978041	1.0282644138553
TCGA-AB-2949-03	0.40885846287662	0	0.0980354994004295	0.179832649977799	0.0713534523694851	0	0	0.0162696374254507	0.0186698725894505	0	0.0133057178799401	0.0167334573009274	0.0933174368050903	0	0.00133800953085238	0.0186453927438175	0	0	0.0329818748636964	0.0223751644117753	0.00367740199922781	0.00460596982543805	9999	0.441624308934315	0.909062065058457
TCGA-AB-2950-03	0.391443336139584	0	0.224800324247081	0.0854606598639258	0	0.0461961586673175	0	0.031872253693771	0.00817860882769578	0	0.0252874640306538	0.0130993290326612	0.00494549441623473	0	0	0.0426696908281374	0	0	0.0709048696092399	0	0.0551418106436972	0	9999	0.473004765536328	0.903011577623805
TCGA-AB-2952-03	0.223672640193285	0	0.134565352478414	0.128720554569629	0.0263542836039757	0.0261200066008041	0	0.0102932465157172	0.0636998562450409	0	0.0729274364981355	0	0.287586484539196	0	0.00665604870630322	0.00516655388846351	0	0	0.0142375361610359	0	0	0	9999	0.466474528269298	0.884757537022384
TCGA-AB-2954-03	0.118659802424442	0.010490912604651	0	0.103876454681258	0.0103673953422935	0	0	0.0156105299201351	0.017115196154243	0	0.0352991836959713	0	0.614399115934216	0	0.00414353773124484	0.0173791268167094	0.00220883943126715	0	0.0251597731214121	0.0124948137217317	0.0124291408487763	0.000366177571648705	9999	0.240881616709012	1.01537437155082
TCGA-AB-2955-03	0.00387389382629928	0.264056957736962	0	0	0.278220718666486	0	0	0.00827277017875299	0	0.10073227212472	0.0679595728509595	0.0132661730609689	0	0.0232384673850513	0.000817562111614011	0.0110218697843395	0	0.00490019003913049	0.223186972883629	0	0	0.000452579351087159	9999	0.190638684698495	1.02068378238141
TCGA-AB-2956-03	0.227059348213261	0	0	0.165900849815678	0	0.0129604401071874	0	0	0.00752411611866547	0	0	0.0731034199553771	0.427527150470668	0.0140383684461147	0.0010793196840399	0.011397483375244	0	0	0.0524132786134016	0	0.00276661619837503	0.0042296090019876	9999	0.203965952234106	1.01892082504903
TCGA-AB-2959-03	0.140068204432369	0.104692942512986	0.0998690638821652	0.0603089461769417	0.0386817405118538	0.184221727955691	0.05594694105709	0	0	0.0416460393997386	0.097530588054224	0	0.0271721459323058	0	0	0.0518101281549728	0	0.00290050183595384	0.0241521566401765	0	0.070998873453532	0	9999	0.420254056763832	0.909057517033421
TCGA-AB-2963-03	0.114689445198216	0	0	0.036449328304114	0.0396800893235601	0.0117293216151073	0	0	0.0200109036239984	0	0.0264551007533367	0	0.638419392947777	0.00377260504197934	0.00489514791555228	0	0	0	0	0.0385975650754802	0	0.0653011002008788	9999	0.158122864083076	1.0752833558315
TCGA-AB-2964-03	0.122826476961397	0.12222697523959	0.0775745639565295	0.139578839190123	0.244530569500339	0.0454503725709384	0	0.0094957443459154	0.0254677494910525	0	0.0593840300679697	0.00626200160769113	0.0055153203208018	0	9.0379079811834e-05	0.0183847795727982	0	6.83441594320741e-06	0	0.0952030121287439	0	0.0280023515503555	9999	0.392184391414262	0.92814603308867
TCGA-AB-2965-03	0.150714396352804	0	0	0.0922732875784458	0.0207086839931941	0	0.0161096719597153	0	0.000930223612710847	0	0.0305601223800656	0	0.632730801247155	0	0.00452878814591488	0.0149355225645358	0	0	0.00279686059451736	0.0105199790859558	0.0231916624849847	0	9999	0.210047377582331	1.03702248128473
TCGA-AB-2966-03	0	0.199999138971249	0.0536800741593824	0.135943610593197	0.361304363558804	0.030656513852479	0	0	0	0	0.156837341806621	0	0.0111407430132129	0	0	0.00516752255846949	0	0	0.0220497653773234	0	0.023220926109262	0	9999	0.341358310679935	0.961950328962879
TCGA-AB-2967-03	0.180086274841221	0	0.00266769826576709	0.0209647175866253	0.0115550027446534	0.0666101783221951	0	0	0	0.00291611171831016	0.00241673451849557	0.000996762795296317	0.626417211486004	0	0.00487097250494487	0.016834862832515	0	0	0	0.0531572248239043	0.00544766851139089	0.00505857904867681	9999	0.230543402368392	1.0279995050244
TCGA-AB-2969-03	0.0730328291108708	0.00748329107897409	0	0.12746509883886	0	0	0	0.000863965997406565	0	0	0	0.0528025269240871	0.625308146013454	0	0.0078964958364439	0.0178921176934297	0.00223366511024217	0	0	0.0669917985582577	0.018030064837974	0	9999	0.211915050298802	1.0345577802931
TCGA-AB-2970-03	0.293936974628654	0	0.200413029273763	0.156252748641877	0	0	0	0.000357858889959779	0	0	0.0928629148030564	0	0.111362027611426	0.0010484539889213	0.0203833623520284	0.0484490564884644	0	0	0.0562672598754066	0	0.0148821649172961	0.00378414852914778	9999	0.542862914181365	0.839913157505003
TCGA-AB-2971-03	0.125025789605452	0	0.0142934243937128	0.168494245922653	0	0.174682210526194	0	0	0.0167405335305055	0	0	0.00593795075399152	0.451754883143938	0	0.00226706609507691	0.0116824037467758	0	0	0.0161519879156227	0	0	0.0129695043660784	9999	0.210540859171472	1.01602139191095
TCGA-AB-2972-03	0.0348796281048828	0.0463048763105291	0.104513031118795	0.218649106327612	0.200640640897775	0.170408527312866	0	0.0249159895070154	0.022186442974072	0	0.0790302046537636	0	0.0339360029391556	0	0.0023336878293973	0.00493610948250025	0	0	0	0.0505440313886044	0	0.00672172115303069	9999	0.251600689715323	1.01306922816333
TCGA-AB-2973-03	0.199487316732722	0	0.0011541251280101	0.172969011776778	0	0.0124785574073065	0	0	0.0117670242720557	0	0	0.000364089188860442	0.483593757014455	0.00645176219262005	0	0.0124112429872303	0	0.00142571499024617	0.0515710036513746	0	0	0.0463263946583414	9999	0.308068830287937	0.971859457829189
TCGA-AB-2975-03	0.135880398295475	0.180111219834243	0.246194694009572	0.113377297000421	0.0793502947989427	0	0	0.01821684264726	0.023905358408428	0.0115722026189577	0.122922795174451	0	0.00268513470158911	0	0.00326838116644601	0.0122839865282981	0	0	0	0.0230532646551853	0	0.0271781301607304	9999	0.510231426750858	0.871131600699436
TCGA-AB-2976-03	0.392491143149247	0	0	0.126470541313676	0.0779525743998366	0.022034397928248	0	0	0	0	0	0.0506013497093421	0.117089018494251	0	0	0	0.00534386211880768	0	0	0.0253588177628153	0.152642707765112	0.0300155873586648	9999	0.225418365107111	1.01892533335346
TCGA-AB-2977-03	0.262670039064164	0	0	0.213783565050273	0	0	0	0.0543191788821903	0.0846609295156475	0	0	0.0234299736704867	0.292085270974771	0	0.00271630351731571	0.0103498121726621	0	0	0	0.0428284649966759	0	0.0131564621558131	9999	0.284090034186668	0.97891095879006
TCGA-AB-2978-03	0.139967273267747	0	0.266115771648381	0.0500869556586883	0	0.113061602863057	0	0.0201852250092027	0.0253593120749112	0.0896006510527849	0	0	0.249020746729544	0	0	0	0	0	0.046602461695683	0	0	0	9999	0.467748810443278	0.888488383840824
TCGA-AB-2979-03	0.0829615560305935	0.273527538352146	0.0124487010648199	0.0634140794587444	0.15137815692238	0	0	0.0686344737983356	0	0	0.0724917154254623	0	0.126697104388231	0	0.00177399084574106	0.0409507768725669	0	0	0.105454772722376	0	0.000267134118602887	0	9999	0.39096408629126	0.923218766550927
TCGA-AB-2980-03	0.0159682196183073	0.10303895843114	0.0334386020947785	0.0505637089779125	0.0831791787846632	0.399422949583689	0	0	0.00613953814875278	0	0.124353627001754	0	0.00607606482569185	0	0	0.0249112480910762	0	0	0.0728705207317273	0.0260862073307954	0.0251426906337749	0.0288084857459374	9999	0.100164621486605	1.07186863531352
TCGA-AB-2981-03	0.00746118200531551	0.0581083709219042	0	0.187305906247395	0	0	0	0	0.0168860050363758	0	0	0	0.615212403969395	0	0	0.0143188307057844	0	0.00692901270881719	0	0.0164460387798334	0.00535014615495034	0.0719821034702288	9999	0.22926629561675	1.03242901787713
TCGA-AB-2983-03	0.250771652511971	0.148575711353458	0	0.155032269033296	0.0786718605902232	0	0	0.0237458100664334	0.000487002133205599	0	0.0106928396637549	0	0.211110878998501	0	0.00491282390704256	0.029600686328534	0	0	0.0135977158781598	0	0.0728007495354216	0	9999	0.479348958052094	0.877323274084201
TCGA-AB-2984-03	0.23261229218909	0	0.237228251316552	0.261544107069775	0	0.0131207813369676	0	0.0411756546692553	0.029305121911023	0	0	0.0379757702829457	0.0220348567175988	0	0.00071611914779323	0.0218123195190797	0	0	0.0645418488579982	0.031251471113695	0	0.00668140586822632	9999	0.366938578628007	0.960895358073367
TCGA-AB-2985-03	0.0768255780055769	0.00706410204428833	0.013698269108938	0.216953097357354	0.00226436904201254	0	0.0149640376478256	0	0.0121711598193588	0	0	0.0364581118306153	0.554466739542321	0	0.00624138759771628	0.0107545784925664	0.00525640229846629	0	0.0205583414749771	0	0.00510163156787695	0.0172221941701055	9999	0.263652537079719	0.997505408558141
TCGA-AB-2986-03	0.109462621306151	0.0540197025165557	0.0704072567772432	0.188090416807839	0.101577021248232	0.018081830639616	0	0.0106039396231853	0.108313170112451	0	0	0.060970972881537	0.138361829386841	0	0.00304906275104991	0.00581249922124213	0	0	0.0659633982332554	0.00540442432576183	0	0.0598818541690392	9999	0.27296454895678	0.981299684861237
TCGA-AB-2987-03	0.0871781595744025	0	0.0150157585014309	0.173206453529602	0	0.0803849097221438	0.0246705828227105	0	0.0277006573504332	0.0465118098631527	0.0040828934546361	0	0.409071409256554	0.000782862148198423	0.0184124904386294	0.0289082715724845	0	0	0.0179822462965017	0	0	0.0660914954691202	9999	0.234101906179431	1.00207254625148
TCGA-AB-2988-03	0.393541853150985	0	0	0.11617382135781	0	0.0588124952644649	0	0	0.0170242952163974	0	0	0.0471557253598704	0.235728009094714	0.00480497794119953	0.00947570265018362	0.00551246317891563	0	0	0.0168190830261836	0	0.0738837586832432	0.0210678150760319	9999	0.21772803603477	1.02211589554909
TCGA-AB-2990-03	0.213492311807875	0	0.143667003783983	0.0681799455284987	0.113989655107464	0	0	0.0139316137992625	0.0338403983499593	0.0381980315282953	0.0221348116152197	0	0.166309179966281	0	0.00390679180499022	0.061756325078543	0	0	0	0.117060007402313	0	0.00353392422731444	9999	0.415904098245083	0.91149076370468
TCGA-AB-2991-03	0.367116904868894	0	0.133401457223274	0.106783890795238	0	0.252471710601806	0	0.00999724399375185	0.013976933943713	0	0.0610891422931506	0	0.020588635707713	0	0.00336440509193271	0.0107963718089366	0	0	0	0.0166902109303163	0	0.00372309274127416	9999	0.176642634655086	1.0775575795043
TCGA-AB-2993-03	0.422760119805399	0	0.107169955234028	0.100809079223612	0	0.0360256014119364	0	0.029948348208376	0	0	0	0.0371974502326585	0.119135683213724	0	0	0.0607217322733283	0	0	0.0446522581106831	0.0237147132955252	0.00383656362768807	0.0140284953630416	9999	0.39744743829567	0.936686432654726
TCGA-AB-2994-03	0.117166647626828	0	0.0149334488194071	0.125782520011569	0.0259328459043782	0.0358070572664609	0	0.0381905785166735	0.0166462038507055	0	0.0316307603539386	0.0209999447903494	0.0955587125661867	0	0	0.0754774442004011	0	0	0.27699490732572	0	0	0.124878928767382	9999	0.0793945381854546	1.0568631107302
TCGA-AB-2995-03	0.0414881158874197	0	0.314544097014944	0.0220767993250941	0.099859399870629	0.28224489365463	0.00481849029182529	0	0.0071614491937093	0	0.152825775906452	0	0.00346173072036086	0.00469463892843701	7.61451985411299e-05	0.00120320463474157	0	0	0.0595832186335189	0	0.00596204073969627	0	9999	0.390819759880462	0.945224587869874
TCGA-AB-2996-03	0.347264431228693	0	0.192943571328173	0.0785697488845894	0	0	0	0.0158556353887339	0.0281469493837085	0.0129805492997673	0.00389896819703611	0.00592432605282047	0.197491768343147	0	0.00894027688354892	0.0264899909742611	0.00631542925526595	0	0.0656785924211289	0	0.00218751737451777	0.00731224498460893	9999	0.514534725889688	0.861791028387312
TCGA-AB-2998-03	0.231850026872613	0	0	0.347692014669827	0	0	0	0.000728099044206101	0.0244286983902335	0	0.0338825452268064	0.040966865667331	0.0832483676132087	0	0	0.0809333324621013	0	0.00711446898686048	0.0682788108157323	0	0.0688148432009205	0.0120619270501597	9999	0.0527197522698855	1.082842392454
TCGA-AB-2999-03	0.240101610023861	0	0.00369192102928466	0.00372458317721415	0.0030769500108402	0.372523350958456	0	0.0022428737076941	0.00126032044995295	0	0.172322717499533	0	0.0184335195070671	0	0	0.00272434248054468	0	0	0.0884681386891499	0.0818993998829621	0	0.00953027258343977	9999	0.181371303248274	1.03508508568677
TCGA-AB-3000-03	0.126788323957901	0.273032489931553	0	0.0810083164562229	0.0413832307911036	0	0	0	0	0	0.0511647788660775	0	0.271268575302863	0	0	0.0181077447730053	0	0.000577736362595251	0.132859528914507	0	0	0.00380927464417222	9999	0.46451107834061	0.885343184919391
TCGA-AB-3002-03	0.436681679270654	0	0.300331587310133	0.134824184797647	0.0181701641175721	0	0	0	0.0240231909516302	0	0	0.0209108098701328	0.0107379355375156	0	0.0128283803956109	0.032026881068451	0	0	0.00479028353962925	0	0.00467490314102427	0	9999	0.550000009309777	0.871621570272231
TCGA-AB-3005-03	0.222274916046749	0.17020714478503	0	0.124583310327785	0	0	0	0.0206634270899182	0.0217867665583696	0.0331435188968694	0	0.0949737443492724	0.101620294239577	0	0.0409677121829747	0.0817545897240477	0.000916095897767425	0	0	0.0573837164843642	0.0297247634172746	0	9999	0.330551979131521	0.959656275758582
TCGA-AB-3006-03	0.12523204046674	0.209315721778322	0.0534894885357183	0.135124180109396	0.117178047051778	0	0	0.0202607459744513	0.0616415396308979	0.0651890174852293	0.0259739374952074	0	0	0	0	0	0	0	0.065256615832955	0.113356347028068	0	0.00798231861123676	9999	0.338154478118069	0.959563005343506
TCGA-AB-3007-03	0.324555720364138	0	0.00161900890373581	0.0847160121935559	0	0.274719279593934	0	0.0643101617674286	0.0216909332113376	0	0.122692330403912	0	0.00783587506847905	0.00472139466059166	0	0	0	0	0.0405521272479451	0	0.0388334919876278	0.0137536645973141	9999	0.0580773279840706	1.10963216590925
TCGA-AB-3008-03	0.249305306039907	0.316816712937031	0.0665743402795806	0.0513896515154537	0.0645114061482006	0	0	0.0209106952578255	0.0179572023011183	0.0483113157919741	0.013391786834915	0.014998478352322	0.0266362617767098	0	0	0.0218110650675924	0	0.0133209733966458	0.00215462949543128	0.0598934763738575	0.0101156707937261	0.00190102763771021	9999	0.566512458190954	0.82689666910103
TCGA-AB-3009-03	0.247243117288762	0.19683472081121	0.0577202370293293	0.0664886692545526	0.128306073865206	0.0184065471968693	0	0.0442369417972542	0.00238687998869102	0	0.0833466342965582	0	0.00533676122285301	0	0	0.039936460374252	0	0	0.0406945007313283	0	0.069062456143134	0	9999	0.491976443093115	0.872745054326838
TCGA-AB-3011-03	0.296852451246138	0	0.247155534410945	0.151447691285832	0.0700180596666541	0	0	0.0572289274650321	0.00725698754624583	0	0	0.00234911608174007	0.04439142794232	0	0	0.0680660591802875	0	0	0.0167245732214021	0.00700054658027084	0.022116818125553	0.00939180724757966	9999	0.495473392518077	0.879673957722335
TCGA-AB-3012-03	0.317557325905985	0	0.0710887049459176	0.00715108370240071	0	0.231035853832608	0	0.0222531049201931	0.00600677603868761	0	0.0516588907909294	0	0	0	0	0	0	0.00583896893321175	0.240340048279802	0.0336295734855398	0.00491442850509637	0.00852524065962892	9999	0.293057633173679	0.98401085572365
